agency_cd	site_no	parameter_cd	ts_id	year_nu	month_nu	mean_va
USGS	11389500	00060	10367	1945	10	5885
USGS	11389500	00060	10367	1945	11	9009
USGS	11389500	00060	10367	1945	12	19700
USGS	11389500	00060	10367	1946	1	25860
USGS	11389500	00060	10367	1946	2	11510
USGS	11389500	00060	10367	1946	3	9705
USGS	11389500	00060	10367	1946	4	9229
USGS	11389500	00060	10367	1946	5	7139
USGS	11389500	00060	10367	1946	6	6052
USGS	11389500	00060	10367	1946	7	6428
USGS	11389500	00060	10367	1946	8	6327
USGS	11389500	00060	10367	1946	9	5460
USGS	11389500	00060	10367	1946	10	5547
USGS	11389500	00060	10367	1946	11	7199
USGS	11389500	00060	10367	1946	12	9451
USGS	11389500	00060	10367	1947	1	7069
USGS	11389500	00060	10367	1947	2	9448
USGS	11389500	00060	10367	1947	3	10090
USGS	11389500	00060	10367	1947	4	7427
USGS	11389500	00060	10367	1947	5	5015
USGS	11389500	00060	10367	1947	6	5292
USGS	11389500	00060	10367	1947	7	5301
USGS	11389500	00060	10367	1947	8	5081
USGS	11389500	00060	10367	1947	9	4407
USGS	11389500	00060	10367	1947	10	5821
USGS	11389500	00060	10367	1947	11	6537
USGS	11389500	00060	10367	1947	12	5445
USGS	11389500	00060	10367	1948	1	10690
USGS	11389500	00060	10367	1948	2	5637
USGS	11389500	00060	10367	1948	3	9473
USGS	11389500	00060	10367	1948	4	20720
USGS	11389500	00060	10367	1948	5	19650
USGS	11389500	00060	10367	1948	6	13520
USGS	11389500	00060	10367	1948	7	7133
USGS	11389500	00060	10367	1948	8	8248
USGS	11389500	00060	10367	1948	9	7280
USGS	11389500	00060	10367	1948	10	6348
USGS	11389500	00060	10367	1948	11	6786
USGS	11389500	00060	10367	1948	12	7644
USGS	11389500	00060	10367	1949	1	6700
USGS	11389500	00060	10367	1949	2	6869
USGS	11389500	00060	10367	1949	3	20640
USGS	11389500	00060	10367	1949	4	8015
USGS	11389500	00060	10367	1949	5	6295
USGS	11389500	00060	10367	1949	6	6014
USGS	11389500	00060	10367	1949	7	6569
USGS	11389500	00060	10367	1949	8	6984
USGS	11389500	00060	10367	1949	9	6112
USGS	11389500	00060	10367	1949	10	5464
USGS	11389500	00060	10367	1949	11	5753
USGS	11389500	00060	10367	1949	12	5426
USGS	11389500	00060	10367	1950	1	10100
USGS	11389500	00060	10367	1950	2	13330
USGS	11389500	00060	10367	1950	3	8664
USGS	11389500	00060	10367	1950	4	6770
USGS	11389500	00060	10367	1950	5	5904
USGS	11389500	00060	10367	1950	6	5829
USGS	11389500	00060	10367	1950	7	6574
USGS	11389500	00060	10367	1950	8	6333
USGS	11389500	00060	10367	1950	9	5516
USGS	11389500	00060	10367	1950	10	5926
USGS	11389500	00060	10367	1950	11	10840
USGS	11389500	00060	10367	1950	12	26160
USGS	11389500	00060	10367	1951	1	21220
USGS	11389500	00060	10367	1951	2	28250
USGS	11389500	00060	10367	1951	3	14280
USGS	11389500	00060	10367	1951	4	6330
USGS	11389500	00060	10367	1951	5	6985
USGS	11389500	00060	10367	1951	6	6111
USGS	11389500	00060	10367	1951	7	8443
USGS	11389500	00060	10367	1951	8	8936
USGS	11389500	00060	10367	1951	9	5958
USGS	11389500	00060	10367	1951	10	5347
USGS	11389500	00060	10367	1951	11	6465
USGS	11389500	00060	10367	1951	12	14870
USGS	11389500	00060	10367	1952	1	27630
USGS	11389500	00060	10367	1952	2	31040
USGS	11389500	00060	10367	1952	3	25170
USGS	11389500	00060	10367	1952	4	23030
USGS	11389500	00060	10367	1952	5	17740
USGS	11389500	00060	10367	1952	6	9597
USGS	11389500	00060	10367	1952	7	8104
USGS	11389500	00060	10367	1952	8	7558
USGS	11389500	00060	10367	1952	9	6847
USGS	11389500	00060	10367	1952	10	5653
USGS	11389500	00060	10367	1952	11	5930
USGS	11389500	00060	10367	1952	12	19990
USGS	11389500	00060	10367	1953	1	34260
USGS	11389500	00060	10367	1953	2	15260
USGS	11389500	00060	10367	1953	3	9770
USGS	11389500	00060	10367	1953	4	7544
USGS	11389500	00060	10367	1953	5	9803
USGS	11389500	00060	10367	1953	6	9405
USGS	11389500	00060	10367	1953	7	7143
USGS	11389500	00060	10367	1953	8	7708
USGS	11389500	00060	10367	1953	9	7630
USGS	11389500	00060	10367	1953	10	6448
USGS	11389500	00060	10367	1953	11	8231
USGS	11389500	00060	10367	1953	12	8252
USGS	11389500	00060	10367	1954	1	18690
USGS	11389500	00060	10367	1954	2	30170
USGS	11389500	00060	10367	1954	3	20000
USGS	11389500	00060	10367	1954	4	17650
USGS	11389500	00060	10367	1954	5	9360
USGS	11389500	00060	10367	1954	6	7285
USGS	11389500	00060	10367	1954	7	8490
USGS	11389500	00060	10367	1954	8	8700
USGS	11389500	00060	10367	1954	9	6935
USGS	11389500	00060	10367	1954	10	6006
USGS	11389500	00060	10367	1954	11	8876
USGS	11389500	00060	10367	1954	12	13360
USGS	11389500	00060	10367	1955	1	11630
USGS	11389500	00060	10367	1955	2	8044
USGS	11389500	00060	10367	1955	3	5919
USGS	11389500	00060	10367	1955	4	6814
USGS	11389500	00060	10367	1955	5	7050
USGS	11389500	00060	10367	1955	6	6241
USGS	11389500	00060	10367	1955	7	7886
USGS	11389500	00060	10367	1955	8	7300
USGS	11389500	00060	10367	1955	9	6175
USGS	11389500	00060	10367	1955	10	5275
USGS	11389500	00060	10367	1955	11	6410
USGS	11389500	00060	10367	1955	12	20910
USGS	11389500	00060	10367	1956	1	36580
USGS	11389500	00060	10367	1956	2	25020
USGS	11389500	00060	10367	1956	3	18430
USGS	11389500	00060	10367	1956	4	9166
USGS	11389500	00060	10367	1956	5	14760
USGS	11389500	00060	10367	1956	6	7964
USGS	11389500	00060	10367	1956	7	7101
USGS	11389500	00060	10367	1956	8	6527
USGS	11389500	00060	10367	1956	9	7232
USGS	11389500	00060	10367	1956	10	7436
USGS	11389500	00060	10367	1956	11	7830
USGS	11389500	00060	10367	1956	12	7124
USGS	11389500	00060	10367	1957	1	6236
USGS	11389500	00060	10367	1957	2	9101
USGS	11389500	00060	10367	1957	3	22020
USGS	11389500	00060	10367	1957	4	7176
USGS	11389500	00060	10367	1957	5	12480
USGS	11389500	00060	10367	1957	6	7749
USGS	11389500	00060	10367	1957	7	6675
USGS	11389500	00060	10367	1957	8	6321
USGS	11389500	00060	10367	1957	9	6727
USGS	11389500	00060	10367	1957	10	12040
USGS	11389500	00060	10367	1957	11	12350
USGS	11389500	00060	10367	1957	12	14540
USGS	11389500	00060	10367	1958	1	22960
USGS	11389500	00060	10367	1958	2	40740
USGS	11389500	00060	10367	1958	3	28230
USGS	11389500	00060	10367	1958	4	29800
USGS	11389500	00060	10367	1958	5	17530
USGS	11389500	00060	10367	1958	6	10810
USGS	11389500	00060	10367	1958	7	7902
USGS	11389500	00060	10367	1958	8	9201
USGS	11389500	00060	10367	1958	9	8988
USGS	11389500	00060	10367	1958	10	8123
USGS	11389500	00060	10367	1958	11	7856
USGS	11389500	00060	10367	1958	12	7195
USGS	11389500	00060	10367	1959	1	17880
USGS	11389500	00060	10367	1959	2	22310
USGS	11389500	00060	10367	1959	3	10610
USGS	11389500	00060	10367	1959	4	6142
USGS	11389500	00060	10367	1959	5	6159
USGS	11389500	00060	10367	1959	6	6317
USGS	11389500	00060	10367	1959	7	7430
USGS	11389500	00060	10367	1959	8	8275
USGS	11389500	00060	10367	1959	9	6619
USGS	11389500	00060	10367	1959	10	4991
USGS	11389500	00060	10367	1959	11	4338
USGS	11389500	00060	10367	1959	12	4239
USGS	11389500	00060	10367	1960	1	6356
USGS	11389500	00060	10367	1960	2	17270
USGS	11389500	00060	10367	1960	3	11900
USGS	11389500	00060	10367	1960	4	5778
USGS	11389500	00060	10367	1960	5	6959
USGS	11389500	00060	10367	1960	6	6747
USGS	11389500	00060	10367	1960	7	7494
USGS	11389500	00060	10367	1960	8	7153
USGS	11389500	00060	10367	1960	9	5655
USGS	11389500	00060	10367	1960	10	5182
USGS	11389500	00060	10367	1960	11	6646
USGS	11389500	00060	10367	1960	12	10350
USGS	11389500	00060	10367	1961	1	6620
USGS	11389500	00060	10367	1961	2	23840
USGS	11389500	00060	10367	1961	3	19160
USGS	11389500	00060	10367	1961	4	8697
USGS	11389500	00060	10367	1961	5	6522
USGS	11389500	00060	10367	1961	6	7149
USGS	11389500	00060	10367	1961	7	7511
USGS	11389500	00060	10367	1961	8	7841
USGS	11389500	00060	10367	1961	9	6122
USGS	11389500	00060	10367	1961	10	5125
USGS	11389500	00060	10367	1961	11	5612
USGS	11389500	00060	10367	1961	12	9776
USGS	11389500	00060	10367	1962	1	6063
USGS	11389500	00060	10367	1962	2	19580
USGS	11389500	00060	10367	1962	3	15180
USGS	11389500	00060	10367	1962	4	7015
USGS	11389500	00060	10367	1962	5	6545
USGS	11389500	00060	10367	1962	6	6972
USGS	11389500	00060	10367	1962	7	7095
USGS	11389500	00060	10367	1962	8	7440
USGS	11389500	00060	10367	1962	9	6132
USGS	11389500	00060	10367	1962	10	10530
USGS	11389500	00060	10367	1962	11	7463
USGS	11389500	00060	10367	1962	12	15200
USGS	11389500	00060	10367	1963	1	10700
USGS	11389500	00060	10367	1963	2	25180
USGS	11389500	00060	10367	1963	3	11080
USGS	11389500	00060	10367	1963	4	27520
USGS	11389500	00060	10367	1963	5	14210
USGS	11389500	00060	10367	1963	6	7521
USGS	11389500	00060	10367	1963	7	7678
USGS	11389500	00060	10367	1963	8	7799
USGS	11389500	00060	10367	1963	9	9538
USGS	11389500	00060	10367	1963	10	8500
USGS	11389500	00060	10367	1963	11	11700
USGS	11389500	00060	10367	1963	12	11230
USGS	11389500	00060	10367	1964	1	12660
USGS	11389500	00060	10367	1964	2	11320
USGS	11389500	00060	10367	1964	3	6625
USGS	11389500	00060	10367	1964	4	5973
USGS	11389500	00060	10367	1964	5	6361
USGS	11389500	00060	10367	1964	6	7339
USGS	11389500	00060	10367	1964	7	8764
USGS	11389500	00060	10367	1964	8	8794
USGS	11389500	00060	10367	1964	9	7859
USGS	11389500	00060	10367	1964	10	5338
USGS	11389500	00060	10367	1964	11	8031
USGS	11389500	00060	10367	1964	12	17110
USGS	11389500	00060	10367	1965	1	33530
USGS	11389500	00060	10367	1965	2	19810
USGS	11389500	00060	10367	1965	3	7542
USGS	11389500	00060	10367	1965	4	15930
USGS	11389500	00060	10367	1965	5	9378
USGS	11389500	00060	10367	1965	6	7514
USGS	11389500	00060	10367	1965	7	8459
USGS	11389500	00060	10367	1965	8	9472
USGS	11389500	00060	10367	1965	9	8459
USGS	11389500	00060	10367	1965	10	8208
USGS	11389500	00060	10367	1965	11	12590
USGS	11389500	00060	10367	1965	12	14120
USGS	11389500	00060	10367	1966	1	22860
USGS	11389500	00060	10367	1966	2	16890
USGS	11389500	00060	10367	1966	3	11820
USGS	11389500	00060	10367	1966	4	9276
USGS	11389500	00060	10367	1966	5	8156
USGS	11389500	00060	10367	1966	6	8497
USGS	11389500	00060	10367	1966	7	10500
USGS	11389500	00060	10367	1966	8	9947
USGS	11389500	00060	10367	1966	9	7425
USGS	11389500	00060	10367	1966	10	7163
USGS	11389500	00060	10367	1966	11	11970
USGS	11389500	00060	10367	1966	12	24460
USGS	11389500	00060	10367	1967	1	16310
USGS	11389500	00060	10367	1967	2	23390
USGS	11389500	00060	10367	1967	3	13450
USGS	11389500	00060	10367	1967	4	22650
USGS	11389500	00060	10367	1967	5	21050
USGS	11389500	00060	10367	1967	6	14890
USGS	11389500	00060	10367	1967	7	10700
USGS	11389500	00060	10367	1967	8	10200
USGS	11389500	00060	10367	1967	9	10510
USGS	11389500	00060	10367	1967	10	9775
USGS	11389500	00060	10367	1967	11	7953
USGS	11389500	00060	10367	1967	12	9543
USGS	11389500	00060	10367	1968	1	13380
USGS	11389500	00060	10367	1968	2	23300
USGS	11389500	00060	10367	1968	3	18120
USGS	11389500	00060	10367	1968	4	8224
USGS	11389500	00060	10367	1968	5	7519
USGS	11389500	00060	10367	1968	6	7512
USGS	11389500	00060	10367	1968	7	9854
USGS	11389500	00060	10367	1968	8	10040
USGS	11389500	00060	10367	1968	9	8862
USGS	11389500	00060	10367	1968	10	7805
USGS	11389500	00060	10367	1968	11	8188
USGS	11389500	00060	10367	1968	12	15800
USGS	11389500	00060	10367	1969	1	27270
USGS	11389500	00060	10367	1969	2	35000
USGS	11389500	00060	10367	1969	3	20320
USGS	11389500	00060	10367	1969	4	14890
USGS	11389500	00060	10367	1969	5	16100
USGS	11389500	00060	10367	1969	6	13740
USGS	11389500	00060	10367	1969	7	10030
USGS	11389500	00060	10367	1969	8	9575
USGS	11389500	00060	10367	1969	9	8919
USGS	11389500	00060	10367	1969	10	8197
USGS	11389500	00060	10367	1969	11	8450
USGS	11389500	00060	10367	1969	12	21170
USGS	11389500	00060	10367	1970	1	35160
USGS	11389500	00060	10367	1970	2	32960
USGS	11389500	00060	10367	1970	3	18590
USGS	11389500	00060	10367	1970	4	8482
USGS	11389500	00060	10367	1970	5	7638
USGS	11389500	00060	10367	1970	6	7846
USGS	11389500	00060	10367	1970	7	8177
USGS	11389500	00060	10367	1970	8	6785
USGS	11389500	00060	10367	1970	9	7167
USGS	11389500	00060	10367	1970	10	7200
USGS	11389500	00060	10367	1970	11	14280
USGS	11389500	00060	10367	1970	12	31640
USGS	11389500	00060	10367	1971	1	26600
USGS	11389500	00060	10367	1971	2	17470
USGS	11389500	00060	10367	1971	3	14340
USGS	11389500	00060	10367	1971	4	17440
USGS	11389500	00060	10367	1971	5	16440
USGS	11389500	00060	10367	1971	6	13840
USGS	11389500	00060	10367	1971	7	10740
USGS	11389500	00060	10367	1971	8	10690
USGS	11389500	00060	10367	1971	9	10040
USGS	11389500	00060	10367	1971	10	7995
USGS	11389500	00060	10367	1971	11	7394
USGS	11389500	00060	10367	1971	12	9728
USGS	11389500	00060	10367	1972	1	10060
USGS	11389500	00060	10367	1972	2	10710
USGS	11389500	00060	10367	1972	3	16360
USGS	11389500	00060	10367	1972	4	9855
USGS	11389500	00060	10367	1972	5	9171
USGS	11389500	00060	10367	1972	6	9050
USGS	11389500	00060	10367	1972	7	9391
USGS	11389500	00060	10367	1972	8	7372
USGS	11389500	00060	10367	1972	9	6713
USGS	11389500	00060	10367	1972	10	7044
USGS	11389500	00060	10367	1972	11	13930
USGS	11389500	00060	10367	1972	12	15820
USGS	11389500	00060	10367	1973	1	29400
USGS	11389500	00060	10367	1973	2	31720
USGS	11389500	00060	10367	1973	3	24340
USGS	11389500	00060	10367	1973	4	11150
USGS	11389500	00060	10367	1973	5	10290
USGS	11389500	00060	10367	1973	6	8635
USGS	11389500	00060	10367	1973	7	9131
USGS	11389500	00060	10367	1973	8	8537
USGS	11389500	00060	10367	1973	9	8038
USGS	11389500	00060	10367	1973	10	7846
USGS	11389500	00060	10367	1973	11	27000
USGS	11389500	00060	10367	1973	12	35230
USGS	11389500	00060	10367	1974	1	37630
USGS	11389500	00060	10367	1974	2	25610
USGS	11389500	00060	10367	1974	3	29130
USGS	11389500	00060	10367	1974	4	30170
USGS	11389500	00060	10367	1974	5	14690
USGS	11389500	00060	10367	1974	6	12600
USGS	11389500	00060	10367	1974	7	10510
USGS	11389500	00060	10367	1974	8	10560
USGS	11389500	00060	10367	1974	9	10500
USGS	11389500	00060	10367	1974	10	8840
USGS	11389500	00060	10367	1974	11	11070
USGS	11389500	00060	10367	1974	12	12360
USGS	11389500	00060	10367	1975	1	9734
USGS	11389500	00060	10367	1975	2	25090
USGS	11389500	00060	10367	1975	3	30390
USGS	11389500	00060	10367	1975	4	17300
USGS	11389500	00060	10367	1975	5	17200
USGS	11389500	00060	10367	1975	6	12890
USGS	11389500	00060	10367	1975	7	9467
USGS	11389500	00060	10367	1975	8	9381
USGS	11389500	00060	10367	1975	9	8481
USGS	11389500	00060	10367	1975	10	9371
USGS	11389500	00060	10367	1975	11	11640
USGS	11389500	00060	10367	1975	12	12460
USGS	11389500	00060	10367	1976	1	7708
USGS	11389500	00060	10367	1976	2	8150
USGS	11389500	00060	10367	1976	3	9225
USGS	11389500	00060	10367	1976	4	9101
USGS	11389500	00060	10367	1976	5	9924
USGS	11389500	00060	10367	1976	6	10330
USGS	11389500	00060	10367	1976	7	9853
USGS	11389500	00060	10367	1976	8	9721
USGS	11389500	00060	10367	1976	9	6160
USGS	11389500	00060	10367	1976	10	4087
USGS	11389500	00060	10367	1976	11	4279
USGS	11389500	00060	10367	1976	12	4141
USGS	11389500	00060	10367	1977	1	6866
USGS	11389500	00060	10367	1977	2	6123
USGS	11389500	00060	10367	1977	3	5852
USGS	11389500	00060	10367	1977	4	5767
USGS	11389500	00060	10367	1977	5	6560
USGS	11389500	00060	10367	1977	6	6244
USGS	11389500	00060	10367	1977	7	7627
USGS	11389500	00060	10367	1977	8	6163
USGS	11389500	00060	10367	1977	9	4322
USGS	11389500	00060	10367	1977	10	3219
USGS	11389500	00060	10367	1977	11	5150
USGS	11389500	00060	10367	1977	12	9350
USGS	11389500	00060	10367	1978	1	25840
USGS	11389500	00060	10367	1978	2	24590
USGS	11389500	00060	10367	1978	3	27090
USGS	11389500	00060	10367	1978	4	19610
USGS	11389500	00060	10367	1978	5	10620
USGS	11389500	00060	10367	1978	6	7038
USGS	11389500	00060	10367	1978	7	7829
USGS	11389500	00060	10367	1978	8	8001
USGS	11389500	00060	10367	1978	9	6787
USGS	11389500	00060	10367	1978	10	6330
USGS	11389500	00060	10367	1978	11	6695
USGS	11389500	00060	10367	1978	12	7334
USGS	11389500	00060	10367	1979	1	11110
USGS	11389500	00060	10367	1979	2	15430
USGS	11389500	00060	10367	1979	3	12560
USGS	11389500	00060	10367	1979	4	8839
USGS	11389500	00060	10367	1979	5	8079
USGS	11389500	00060	10367	1979	6	7104
USGS	11389500	00060	10367	1979	7	9826
USGS	11389500	00060	10367	1979	8	6561
USGS	11389500	00060	10367	1979	9	4839
USGS	11389500	00060	10367	1979	10	5590
USGS	11389500	00060	10367	1979	11	8032
USGS	11389500	00060	10367	1979	12	11440
USGS	11389500	00060	10367	1980	1	26850
USGS	11389500	00060	10367	1980	2	25700
USGS	11389500	00060	10367	1980	3	25710
USGS	11389500	00060	10367	1980	4	8797
USGS	11389500	00060	10367	1980	5	6425
USGS	11389500	00060	10367	1980	6	8009
USGS	11389500	00060	10367	1980	7	7681
USGS	11389500	00060	10367	1980	8	6177
USGS	11389500	00060	10367	1980	9	5662
USGS	11389500	00060	10367	1980	10	5118
USGS	11389500	00060	10367	1980	11	5936
USGS	11389500	00060	10367	1980	12	9433
USGS	11389500	00060	10367	1981	1	12760
USGS	11389500	00060	10367	1981	2	12860
USGS	11389500	00060	10367	1981	3	15380
USGS	11389500	00060	10367	1981	4	10430
USGS	11389500	00060	10367	1981	5	8466
USGS	11389500	00060	10367	1981	6	7774
USGS	11389500	00060	10367	1981	7	9440
USGS	11389500	00060	10367	1981	8	9178
USGS	11389500	00060	10367	1981	9	5393
USGS	11389500	00060	10367	1981	10	4692
USGS	11389500	00060	10367	1981	11	15770
USGS	11389500	00060	10367	1981	12	29240
USGS	11389500	00060	10367	1982	1	27830
USGS	11389500	00060	10367	1982	2	27240
USGS	11389500	00060	10367	1982	3	26850
USGS	11389500	00060	10367	1982	4	31490
USGS	11389500	00060	10367	1982	5	15550
USGS	11389500	00060	10367	1982	6	9586
USGS	11389500	00060	10367	1982	7	7946
USGS	11389500	00060	10367	1982	8	8289
USGS	11389500	00060	10367	1982	9	9075
USGS	11389500	00060	10367	1982	10	8865
USGS	11389500	00060	10367	1982	11	14510
USGS	11389500	00060	10367	1982	12	26130
USGS	11389500	00060	10367	1983	1	21030
USGS	11389500	00060	10367	1983	2	41270
USGS	11389500	00060	10367	1983	3	44450
USGS	11389500	00060	10367	1983	4	25890
USGS	11389500	00060	10367	1983	5	26680
USGS	11389500	00060	10367	1983	6	18730
USGS	11389500	00060	10367	1983	7	13150
USGS	11389500	00060	10367	1983	8	11920
USGS	11389500	00060	10367	1983	9	10160
USGS	11389500	00060	10367	1983	10	11010
USGS	11389500	00060	10367	1983	11	22870
USGS	11389500	00060	10367	1983	12	38000
USGS	11389500	00060	10367	1984	1	25060
USGS	11389500	00060	10367	1984	2	12960
USGS	11389500	00060	10367	1984	3	13890
USGS	11389500	00060	10367	1984	4	8518
USGS	11389500	00060	10367	1984	5	7627
USGS	11389500	00060	10367	1984	6	7379
USGS	11389500	00060	10367	1984	7	9777
USGS	11389500	00060	10367	1984	8	8852
USGS	11389500	00060	10367	1984	9	7708
USGS	11389500	00060	10367	1984	10	7446
USGS	11389500	00060	10367	1984	11	17940
USGS	11389500	00060	10367	1984	12	18110
USGS	11389500	00060	10367	1985	1	9699
USGS	11389500	00060	10367	1985	2	9588
USGS	11389500	00060	10367	1985	3	8173
USGS	11389500	00060	10367	1985	4	7419
USGS	11389500	00060	10367	1985	5	6996
USGS	11389500	00060	10367	1985	6	6606
USGS	11389500	00060	10367	1985	7	9167
USGS	11389500	00060	10367	1985	8	7106
USGS	11389500	00060	10367	1985	9	5263
USGS	11389500	00060	10367	1985	10	4635
USGS	11389500	00060	10367	1985	11	5427
USGS	11389500	00060	10367	1985	12	8217
USGS	11389500	00060	10367	1986	1	10600
USGS	11389500	00060	10367	1986	2	34980
USGS	11389500	00060	10367	1986	3	34370
USGS	11389500	00060	10367	1986	4	9047
USGS	11389500	00060	10367	1986	5	7528
USGS	11389500	00060	10367	1986	6	7063
USGS	11389500	00060	10367	1986	7	7101
USGS	11389500	00060	10367	1986	8	6323
USGS	11389500	00060	10367	1986	9	6517
USGS	11389500	00060	10367	1986	10	7222
USGS	11389500	00060	10367	1986	11	7589
USGS	11389500	00060	10367	1986	12	8076
USGS	11389500	00060	10367	1987	1	7836
USGS	11389500	00060	10367	1987	2	9775
USGS	11389500	00060	10367	1987	3	12870
USGS	11389500	00060	10367	1987	4	8440
USGS	11389500	00060	10367	1987	5	7931
USGS	11389500	00060	10367	1987	6	8259
USGS	11389500	00060	10367	1987	7	10330
USGS	11389500	00060	10367	1987	8	8770
USGS	11389500	00060	10367	1987	9	5515
USGS	11389500	00060	10367	1987	10	4617
USGS	11389500	00060	10367	1987	11	4082
USGS	11389500	00060	10367	1987	12	10240
USGS	11389500	00060	10367	1988	1	15500
USGS	11389500	00060	10367	1988	2	6848
USGS	11389500	00060	10367	1988	3	6454
USGS	11389500	00060	10367	1988	4	10330
USGS	11389500	00060	10367	1988	5	8493
USGS	11389500	00060	10367	1988	6	7431
USGS	11389500	00060	10367	1988	7	9269
USGS	11389500	00060	10367	1988	8	8618
USGS	11389500	00060	10367	1988	9	5895
USGS	11389500	00060	10367	1988	10	5291
USGS	11389500	00060	10367	1988	11	6832
USGS	11389500	00060	10367	1988	12	7626
USGS	11389500	00060	10367	1989	1	7525
USGS	11389500	00060	10367	1989	2	6532
USGS	11389500	00060	10367	1989	3	18860
USGS	11389500	00060	10367	1989	4	8263
USGS	11389500	00060	10367	1989	5	7834
USGS	11389500	00060	10367	1989	6	7817
USGS	11389500	00060	10367	1989	7	8125
USGS	11389500	00060	10367	1989	8	8164
USGS	11389500	00060	10367	1989	9	6292
USGS	11389500	00060	10367	1989	10	6408
USGS	11389500	00060	10367	1989	11	7898
USGS	11389500	00060	10367	1989	12	6097
USGS	11389500	00060	10367	1990	1	8876
USGS	11389500	00060	10367	1990	2	6188
USGS	11389500	00060	10367	1990	3	6926
USGS	11389500	00060	10367	1990	4	6790
USGS	11389500	00060	10367	1990	5	7694
USGS	11389500	00060	10367	1990	6	7048
USGS	11389500	00060	10367	1990	7	6942
USGS	11389500	00060	10367	1990	8	7486
USGS	11389500	00060	10367	1990	9	5845
USGS	11389500	00060	10367	1990	10	4372
USGS	11389500	00060	10367	1990	11	4385
USGS	11389500	00060	10367	1990	12	4765
USGS	11389500	00060	10367	1991	1	5193
USGS	11389500	00060	10367	1991	2	5147
USGS	11389500	00060	10367	1991	3	13400
USGS	11389500	00060	10367	1991	4	6462
USGS	11389500	00060	10367	1991	5	6510
USGS	11389500	00060	10367	1991	6	6043
USGS	11389500	00060	10367	1991	7	6209
USGS	11389500	00060	10367	1991	8	5725
USGS	11389500	00060	10367	1991	9	4674
USGS	11389500	00060	10367	1991	10	4400
USGS	11389500	00060	10367	1991	11	4169
USGS	11389500	00060	10367	1991	12	4595
USGS	11389500	00060	10367	1992	1	5964
USGS	11389500	00060	10367	1992	2	16190
USGS	11389500	00060	10367	1992	3	12710
USGS	11389500	00060	10367	1992	4	6703
USGS	11389500	00060	10367	1992	5	5033
USGS	11389500	00060	10367	1992	6	4852
USGS	11389500	00060	10367	1992	7	5073
USGS	11389500	00060	10367	1992	8	5493
USGS	11389500	00060	10367	1992	9	5622
USGS	11389500	00060	10367	1992	10	3934
USGS	11389500	00060	10367	1992	11	3860
USGS	11389500	00060	10367	1992	12	7927
USGS	11389500	00060	10367	1993	1	24660
USGS	11389500	00060	10367	1993	2	23440
USGS	11389500	00060	10367	1993	3	24610
USGS	11389500	00060	10367	1993	4	17660
USGS	11389500	00060	10367	1993	5	9036
USGS	11389500	00060	10367	1993	6	13890
USGS	11389500	00060	10367	1993	7	8131
USGS	11389500	00060	10367	1993	8	10020
USGS	11389500	00060	10367	1993	9	9307
USGS	11389500	00060	10367	1993	10	7509
USGS	11389500	00060	10367	1993	11	5656
USGS	11389500	00060	10367	1993	12	7815
USGS	11389500	00060	10367	1994	1	6878
USGS	11389500	00060	10367	1994	2	10820
USGS	11389500	00060	10367	1994	3	7051
USGS	11389500	00060	10367	1994	4	4966
USGS	11389500	00060	10367	1994	5	6979
USGS	11389500	00060	10367	1994	6	6939
USGS	11389500	00060	10367	1994	7	8728
USGS	11389500	00060	10367	1994	8	8699
USGS	11389500	00060	10367	1994	9	8627
USGS	11389500	00060	10367	1994	10	4151
USGS	11389500	00060	10367	1994	11	4238
USGS	11389500	00060	10367	1994	12	6863
USGS	11389500	00060	10367	1995	1	33750
USGS	11389500	00060	10367	1995	2	27400
USGS	11389500	00060	10367	1995	3	34350
USGS	11389500	00060	10367	1995	4	26800
USGS	11389500	00060	10367	1995	5	24890
USGS	11389500	00060	10367	1995	6	13830
USGS	11389500	00060	10367	1995	7	12520
USGS	11389500	00060	10367	1995	8	11350
USGS	11389500	00060	10367	1995	9	9743
USGS	11389500	00060	10367	1995	10	5841
USGS	11389500	00060	10367	1995	11	6299
USGS	11389500	00060	10367	1995	12	11870
USGS	11389500	00060	10367	1996	1	17820
USGS	11389500	00060	10367	1996	2	31030
USGS	11389500	00060	10367	1996	3	24180
USGS	11389500	00060	10367	1996	4	11230
USGS	11389500	00060	10367	1996	5	11760
USGS	11389500	00060	10367	1996	6	11360
USGS	11389500	00060	10367	1996	7	10890
USGS	11389500	00060	10367	1996	8	11240
USGS	11389500	00060	10367	1996	9	9592
USGS	11389500	00060	10367	1996	10	6172
USGS	11389500	00060	10367	1996	11	6958
USGS	11389500	00060	10367	1996	12	23960
USGS	11389500	00060	10367	1997	1	39720
USGS	11389500	00060	10367	1997	2	21420
USGS	11389500	00060	10367	1997	3	9559
USGS	11389500	00060	10367	1997	4	7386
USGS	11389500	00060	10367	1997	5	7915
USGS	11389500	00060	10367	1997	6	10300
USGS	11389500	00060	10367	1997	7	11370
USGS	11389500	00060	10367	1997	8	8881
USGS	11389500	00060	10367	1997	9	7820
USGS	11389500	00060	10367	1997	10	5001
USGS	11389500	00060	10367	1997	11	6805
USGS	11389500	00060	10367	1997	12	11010
USGS	11389500	00060	10367	1998	1	29840
USGS	11389500	00060	10367	1998	2	45500
USGS	11389500	00060	10367	1998	3	32570
USGS	11389500	00060	10367	1998	4	25150
USGS	11389500	00060	10367	1998	5	23330
USGS	11389500	00060	10367	1998	6	24590
USGS	11389500	00060	10367	1998	7	13890
USGS	11389500	00060	10367	1998	8	12320
USGS	11389500	00060	10367	1998	9	10850
USGS	11389500	00060	10367	1998	10	7339
USGS	11389500	00060	10367	1998	11	12940
USGS	11389500	00060	10367	1998	12	22400
USGS	11389500	00060	10367	1999	1	13480
USGS	11389500	00060	10367	1999	2	29940
USGS	11389500	00060	10367	1999	3	28020
USGS	11389500	00060	10367	1999	4	15300
USGS	11389500	00060	10367	1999	5	10820
USGS	11389500	00060	10367	1999	6	9814
USGS	11389500	00060	10367	1999	7	9146
USGS	11389500	00060	10367	1999	8	7482
USGS	11389500	00060	10367	1999	9	6947
USGS	11389500	00060	10367	1999	10	5297
USGS	11389500	00060	10367	1999	11	6673
USGS	11389500	00060	10367	1999	12	8537
USGS	11389500	00060	10367	2000	1	12870
USGS	11389500	00060	10367	2000	2	33420
USGS	11389500	00060	10367	2000	3	28530
USGS	11389500	00060	10367	2000	4	12290
USGS	11389500	00060	10367	2000	5	10720
USGS	11389500	00060	10367	2000	6	9407
USGS	11389500	00060	10367	2000	7	10830
USGS	11389500	00060	10367	2000	8	8561
USGS	11389500	00060	10367	2000	9	6809
USGS	11389500	00060	10367	2000	10	5256
USGS	11389500	00060	10367	2000	11	5359
USGS	11389500	00060	10367	2000	12	5759
USGS	11389500	00060	10367	2001	1	8364
USGS	11389500	00060	10367	2001	2	12490
USGS	11389500	00060	10367	2001	3	14230
USGS	11389500	00060	10367	2001	4	7209
USGS	11389500	00060	10367	2001	5	7017
USGS	11389500	00060	10367	2001	6	9679
USGS	11389500	00060	10367	2001	7	11440
USGS	11389500	00060	10367	2001	8	8239
USGS	11389500	00060	10367	2001	9	7546
USGS	11389500	00060	10367	2001	10	4617
USGS	11389500	00060	10367	2001	11	6432
USGS	11389500	00060	10367	2001	12	17420
USGS	11389500	00060	10367	2002	1	21360
USGS	11389500	00060	10367	2002	2	10500
USGS	11389500	00060	10367	2002	3	10420
USGS	11389500	00060	10367	2002	4	6288
USGS	11389500	00060	10367	2002	5	7575
USGS	11389500	00060	10367	2002	6	8648
USGS	11389500	00060	10367	2002	7	10100
USGS	11389500	00060	10367	2002	8	8210
USGS	11389500	00060	10367	2002	9	6538
USGS	11389500	00060	10367	2002	10	5223
USGS	11389500	00060	10367	2002	11	5375
USGS	11389500	00060	10367	2002	12	19370
USGS	11389500	00060	10367	2003	1	32700
USGS	11389500	00060	10367	2003	2	18180
USGS	11389500	00060	10367	2003	3	13160
USGS	11389500	00060	10367	2003	4	13980
USGS	11389500	00060	10367	2003	5	23150
USGS	11389500	00060	10367	2003	6	11750
USGS	11389500	00060	10367	2003	7	10030
USGS	11389500	00060	10367	2003	8	8122
USGS	11389500	00060	10367	2003	9	6934
USGS	11389500	00060	10367	2003	10	5355
USGS	11389500	00060	10367	2003	11	5370
USGS	11389500	00060	10367	2003	12	18740
USGS	11389500	00060	10367	2004	1	18960
USGS	11389500	00060	10367	2004	2	27960
USGS	11389500	00060	10367	2004	3	24860
USGS	11389500	00060	10367	2004	4	11020
USGS	11389500	00060	10367	2004	5	8369
USGS	11389500	00060	10367	2004	6	10580
USGS	11389500	00060	10367	2004	7	11280
USGS	11389500	00060	10367	2004	8	8632
USGS	11389500	00060	10367	2004	9	8240
USGS	11389500	00060	10367	2004	10	6775
USGS	11389500	00060	10367	2004	11	4873
USGS	11389500	00060	10367	2004	12	10790
USGS	11389500	00060	10367	2005	1	17420
USGS	11389500	00060	10367	2005	2	12160
USGS	11389500	00060	10367	2005	3	14940
USGS	11389500	00060	10367	2005	4	10200
USGS	11389500	00060	10367	2005	5	21810
USGS	11389500	00060	10367	2005	6	12040
USGS	11389500	00060	10367	2005	7	10890
USGS	11389500	00060	10367	2005	8	7805
USGS	11389500	00060	10367	2005	9	7687
USGS	11389500	00060	10367	2005	10	6981
USGS	11389500	00060	10367	2005	11	6098
USGS	11389500	00060	10367	2005	12	18450
USGS	11389500	00060	10367	2006	1	35290
USGS	11389500	00060	10367	2006	2	23280
USGS	11389500	00060	10367	2006	3	37470
USGS	11389500	00060	10367	2006	4	39590
USGS	11389500	00060	10367	2006	5	18350
USGS	11389500	00060	10367	2006	6	12840
USGS	11389500	00060	10367	2006	7	10500
USGS	11389500	00060	10367	2006	8	10090
USGS	11389500	00060	10367	2006	9	8747
USGS	11389500	00060	10367	2006	10	6124
USGS	11389500	00060	10367	2006	11	5720
USGS	11389500	00060	10367	2006	12	9411
USGS	11389500	00060	10367	2007	1	7356
USGS	11389500	00060	10367	2007	2	12090
USGS	11389500	00060	10367	2007	3	8830
USGS	11389500	00060	10367	2007	4	7419
USGS	11389500	00060	10367	2007	5	6722
USGS	11389500	00060	10367	2007	6	7942
USGS	11389500	00060	10367	2007	7	10600
USGS	11389500	00060	10367	2007	8	8605
USGS	11389500	00060	10367	2007	9	7511
USGS	11389500	00060	10367	2007	10	5641
USGS	11389500	00060	10367	2007	11	5164
USGS	11389500	00060	10367	2007	12	5937
USGS	11389500	00060	10367	2008	1	13120
USGS	11389500	00060	10367	2008	2	15060
USGS	11389500	00060	10367	2008	3	8132
USGS	11389500	00060	10367	2008	4	6780
USGS	11389500	00060	10367	2008	5	7017
USGS	11389500	00060	10367	2008	6	7683
USGS	11389500	00060	10367	2008	7	8945
USGS	11389500	00060	10367	2008	8	7325
USGS	11389500	00060	10367	2008	9	6473
USGS	11389500	00060	10367	2008	10	5226
USGS	11389500	00060	10367	2008	11	5792
USGS	11389500	00060	10367	2008	12	5081
USGS	11389500	00060	10367	2009	1	5190
USGS	11389500	00060	10367	2009	2	13570
USGS	11389500	00060	10367	2009	3	12760
USGS	11389500	00060	10367	2009	4	6811
USGS	11389500	00060	10367	2009	5	8075
USGS	11389500	00060	10367	2009	6	7356
USGS	11389500	00060	10367	2009	7	8393
USGS	11389500	00060	10367	2009	8	8072
USGS	11389500	00060	10367	2009	9	6568
USGS	11389500	00060	10367	2009	10	5108
USGS	11389500	00060	10367	2009	11	4572
USGS	11389500	00060	10367	2009	12	4572
USGS	11389500	00060	10367	2010	1	16450
USGS	11389500	00060	10367	2010	2	17390
USGS	11389500	00060	10367	2010	3	11510
USGS	11389500	00060	10367	2010	4	12270
USGS	11389500	00060	10367	2010	5	9855
USGS	11389500	00060	10367	2010	6	10880
USGS	11389500	00060	10367	2010	7	8221
USGS	11389500	00060	10367	2010	8	6973
USGS	11389500	00060	10367	2010	9	6609
USGS	11389500	00060	10367	2010	10	6160
USGS	11389500	00060	10367	2010	11	6694
USGS	11389500	00060	10367	2010	12	19220
USGS	11389500	00060	10367	2011	1	15440
USGS	11389500	00060	10367	2011	2	10750
USGS	11389500	00060	10367	2011	3	27990
USGS	11389500	00060	10367	2011	4	22340
USGS	11389500	00060	10367	2011	5	10780
USGS	11389500	00060	10367	2011	6	14050
USGS	11389500	00060	10367	2011	7	9891
USGS	11389500	00060	10367	2011	8	8791
USGS	11389500	00060	10367	2011	9	9123
USGS	11389500	00060	10367	2011	10	7957
USGS	11389500	00060	10367	2011	11	6732
USGS	11389500	00060	10367	2011	12	5769
USGS	11389500	00060	10367	2012	1	7970
USGS	11389500	00060	10367	2012	2	6525
USGS	11389500	00060	10367	2012	3	10220
USGS	11389500	00060	10367	2012	4	11770
USGS	11389500	00060	10367	2012	5	7333
USGS	11389500	00060	10367	2012	6	8129
USGS	11389500	00060	10367	2012	7	10270
USGS	11389500	00060	10367	2012	8	9105
USGS	11389500	00060	10367	2012	9	7089
USGS	11389500	00060	10367	2012	10	5362
USGS	11389500	00060	10367	2012	11	5958
USGS	11389500	00060	10367	2012	12	22230
USGS	11389500	00060	10367	2013	1	9961
USGS	11389500	00060	10367	2013	2	7706
USGS	11389500	00060	10367	2013	3	6768
USGS	11389500	00060	10367	2013	4	7367
USGS	11389500	00060	10367	2013	5	8392
USGS	11389500	00060	10367	2013	6	9101
USGS	11389500	00060	10367	2013	7	9628
USGS	11389500	00060	10367	2013	8	7926
USGS	11389500	00060	10367	2013	9	6737
USGS	11389500	00060	10367	2013	10	4809
USGS	11389500	00060	10367	2013	11	5028
USGS	11389500	00060	10367	2013	12	4473
USGS	11389500	00060	10367	2014	1	3822
USGS	11389500	00060	10367	2014	2	5765
USGS	11389500	00060	10367	2014	3	10060
USGS	11389500	00060	10367	2014	4	6416
USGS	11389500	00060	10367	2014	5	4858
USGS	11389500	00060	10367	2014	6	6424
USGS	11389500	00060	10367	2014	7	6285
USGS	11389500	00060	10367	2014	8	5776
USGS	11389500	00060	10367	2014	9	5098
USGS	11389500	00060	10367	2014	10	4325
USGS	11389500	00060	10367	2014	11	5302
USGS	11389500	00060	10367	2014	12	20610
USGS	11389500	00060	10367	2015	1	6940
USGS	11389500	00060	10367	2015	2	11460
USGS	11389500	00060	10367	2015	3	4974
USGS	11389500	00060	10367	2015	4	4200
USGS	11389500	00060	10367	2015	5	5070
USGS	11389500	00060	10367	2015	6	4454
USGS	11389500	00060	10367	2015	7	4169
USGS	11389500	00060	10367	2015	8	4659
USGS	11389500	00060	10367	2015	9	5932
USGS	11389500	00060	10367	2015	10	5558
USGS	11389500	00060	10367	2015	11	4271
USGS	11389500	00060	10367	2015	12	7543
USGS	11389500	00060	10367	2016	1	20070
USGS	11389500	00060	10367	2016	2	10400
USGS	11389500	00060	10367	2016	3	25880
USGS	11389500	00060	10367	2016	4	8621
USGS	11389500	00060	10367	2016	5	4993
USGS	11389500	00060	10367	2016	6	5279
USGS	11389500	00060	10367	2016	7	5875
USGS	11389500	00060	10367	2016	8	6994
USGS	11389500	00060	10367	2016	9	7638
USGS	11389500	00060	10367	2016	10	5906
USGS	11389500	00060	10367	2016	11	7915
USGS	11389500	00060	10367	2016	12	18200
USGS	11389500	00060	10367	2017	1	36780
USGS	11389500	00060	10367	2017	2	46190
USGS	11389500	00060	10367	2017	3	29930
USGS	11389500	00060	10367	2017	4	29870
USGS	11389500	00060	10367	2017	5	13040
USGS	11389500	00060	10367	2017	6	9485
USGS	11389500	00060	10367	2017	7	7417
USGS	11389500	00060	10367	2017	8	7666
USGS	11389500	00060	10367	2017	9	8007
USGS	11389500	00060	10367	2017	10	6836
USGS	11389500	00060	10367	2017	11	6888
USGS	11389500	00060	10367	2017	12	5362
USGS	11389500	00060	10367	2018	1	7545
USGS	11389500	00060	10367	2018	2	5472
USGS	11389500	00060	10367	2018	3	8591
USGS	11389500	00060	10367	2018	4	10220
USGS	11389500	00060	10367	2018	5	6478
USGS	11389500	00060	10367	2018	6	6841
USGS	11389500	00060	10367	2018	7	8334
USGS	11389500	00060	10367	2018	8	8075
USGS	11389500	00060	10367	2018	9	7341
USGS	11389500	00060	10367	2018	10	5874
USGS	11389500	00060	10367	2018	11	4662
USGS	11389500	00060	10367	2018	12	7225
USGS	11389500	00060	10367	2019	1	17430
USGS	11389500	00060	10367	2019	2	25900
USGS	11389500	00060	10367	2019	3	39360
USGS	11389500	00060	10367	2019	4	30140
USGS	11389500	00060	10367	2019	5	11530
USGS	11389500	00060	10367	2019	6	10810
USGS	11389500	00060	10367	2019	7	8205
USGS	11389500	00060	10367	2019	8	8325
USGS	11389500	00060	10367	2019	9	7973
USGS	11389500	00060	10367	2019	10	6647
USGS	11389500	00060	10367	2019	11	4673
USGS	11389500	00060	10367	2019	12	8296
USGS	11389500	00060	10367	2020	1	8546
USGS	11389500	00060	10367	2020	2	6499
USGS	11389500	00060	10367	2020	3	6537
USGS	11389500	00060	10367	2020	4	7238
USGS	11389500	00060	10367	2020	5	8203
USGS	11389500	00060	10367	2020	6	8127
USGS	11389500	00060	10367	2020	7	8215
USGS	11389500	00060	10367	2020	8	7316
USGS	11389500	00060	10367	2020	9	6292
USGS	11389500	00060	10367	2020	10	4316
USGS	11389500	00060	10367	2020	11	4480
USGS	11389500	00060	10367	2020	12	4221
USGS	11389500	00060	10367	2021	1	5133
USGS	11389500	00060	10367	2021	2	6399
USGS	11389500	00060	10367	2021	3	5480
USGS	11389500	00060	10367	2021	4	5028
USGS	11389500	00060	10367	2021	5	5940
USGS	11389500	00060	10367	2021	6	4342
USGS	11389500	00060	10367	2021	7	5327
USGS	11389500	00060	10367	2021	8	5645
USGS	11389500	00060	10367	2021	9	5603

