agency_cd	site_no	parameter_cd	ts_id	year_nu	month_nu	mean_va
USGS	11421000	00060	10767	1969	10	131.6
USGS	11421000	00060	10767	1969	11	182.5
USGS	11421000	00060	10767	1969	12	1360
USGS	11421000	00060	10767	1970	1	17080
USGS	11421000	00060	10767	1970	2	5134
USGS	11421000	00060	10767	1970	3	4310
USGS	11421000	00060	10767	1970	4	712.1
USGS	11421000	00060	10767	1970	5	2020
USGS	11421000	00060	10767	1970	6	767.1
USGS	11421000	00060	10767	1970	7	477.2
USGS	11421000	00060	10767	1970	8	1199
USGS	11421000	00060	10767	1970	9	1826
USGS	11421000	00060	10767	1970	10	2125
USGS	11421000	00060	10767	1970	11	2853
USGS	11421000	00060	10767	1970	12	4352
USGS	11421000	00060	10767	1971	1	4225
USGS	11421000	00060	10767	1971	2	3520
USGS	11421000	00060	10767	1971	3	2395
USGS	11421000	00060	10767	1971	4	2022
USGS	11421000	00060	10767	1971	5	1821
USGS	11421000	00060	10767	1971	6	4045
USGS	11421000	00060	10767	1971	7	2458
USGS	11421000	00060	10767	1971	8	2429
USGS	11421000	00060	10767	1971	9	2197
USGS	11421000	00060	10767	1971	10	1476
USGS	11421000	00060	10767	1971	11	1663
USGS	11421000	00060	10767	1971	12	2455
USGS	11421000	00060	10767	1972	1	2247
USGS	11421000	00060	10767	1972	2	1737
USGS	11421000	00060	10767	1972	3	782.3
USGS	11421000	00060	10767	1972	4	498.2
USGS	11421000	00060	10767	1972	5	461.7
USGS	11421000	00060	10767	1972	6	418.2
USGS	11421000	00060	10767	1972	7	893.4
USGS	11421000	00060	10767	1972	8	1643
USGS	11421000	00060	10767	1972	9	2196
USGS	11421000	00060	10767	1972	10	2603
USGS	11421000	00060	10767	1972	11	2903
USGS	11421000	00060	10767	1972	12	2901
USGS	11421000	00060	10767	1973	1	5436
USGS	11421000	00060	10767	1973	2	5643
USGS	11421000	00060	10767	1973	3	4944
USGS	11421000	00060	10767	1973	4	2449
USGS	11421000	00060	10767	1973	5	716.1
USGS	11421000	00060	10767	1973	6	575.3
USGS	11421000	00060	10767	1973	7	908.7
USGS	11421000	00060	10767	1973	8	1383
USGS	11421000	00060	10767	1973	9	1671
USGS	11421000	00060	10767	1973	10	1917
USGS	11421000	00060	10767	1973	11	4385
USGS	11421000	00060	10767	1973	12	5485
USGS	11421000	00060	10767	1974	1	8754
USGS	11421000	00060	10767	1974	2	4305
USGS	11421000	00060	10767	1974	3	8346
USGS	11421000	00060	10767	1974	4	8879
USGS	11421000	00060	10767	1974	5	3686
USGS	11421000	00060	10767	1974	6	3725
USGS	11421000	00060	10767	1974	7	2113
USGS	11421000	00060	10767	1974	8	2317
USGS	11421000	00060	10767	1974	9	296
USGS	11421000	00060	10767	1974	10	315.4
USGS	11421000	00060	10767	1974	11	1418
USGS	11421000	00060	10767	1974	12	3529
USGS	11421000	00060	10767	1975	1	2655
USGS	11421000	00060	10767	1975	2	2915
USGS	11421000	00060	10767	1975	3	3870
USGS	11421000	00060	10767	1975	4	3952
USGS	11421000	00060	10767	1975	5	1576
USGS	11421000	00060	10767	1975	6	3377
USGS	11421000	00060	10767	1975	7	1729
USGS	11421000	00060	10767	1975	8	2380
USGS	11421000	00060	10767	1975	9	2664
USGS	11421000	00060	10767	1975	10	2731
USGS	11421000	00060	10767	1975	11	2568
USGS	11421000	00060	10767	1975	12	2004
USGS	11421000	00060	10767	1976	1	847.2
USGS	11421000	00060	10767	1976	2	556.8
USGS	11421000	00060	10767	1976	3	611.8
USGS	11421000	00060	10767	1976	4	266.4
USGS	11421000	00060	10767	1976	5	211.5
USGS	11421000	00060	10767	1976	6	201.1
USGS	11421000	00060	10767	1976	7	132
USGS	11421000	00060	10767	1976	8	135.7
USGS	11421000	00060	10767	1976	9	393
USGS	11421000	00060	10767	1976	10	527.3
USGS	11421000	00060	10767	1976	11	476.1
USGS	11421000	00060	10767	1976	12	370.6
USGS	11421000	00060	10767	1977	1	229.7
USGS	11421000	00060	10767	1977	2	211.4
USGS	11421000	00060	10767	1977	3	187.6
USGS	11421000	00060	10767	1977	4	173
USGS	11421000	00060	10767	1977	5	166.2
USGS	11421000	00060	10767	1977	6	154.8
USGS	11421000	00060	10767	1977	7	88.4
USGS	11421000	00060	10767	1977	8	71.7
USGS	11421000	00060	10767	1977	9	85.8
USGS	11421000	00060	10767	1977	10	259.4
USGS	11421000	00060	10767	1977	11	270.7
USGS	11421000	00060	10767	1977	12	631.4
USGS	11421000	00060	10767	1978	1	4080
USGS	11421000	00060	10767	1978	2	4165
USGS	11421000	00060	10767	1978	3	5232
USGS	11421000	00060	10767	1978	4	4996
USGS	11421000	00060	10767	1978	5	3211
USGS	11421000	00060	10767	1978	6	860.6
USGS	11421000	00060	10767	1978	7	1260
USGS	11421000	00060	10767	1978	8	2230
USGS	11421000	00060	10767	1978	9	2488
USGS	11421000	00060	10767	1978	10	1125
USGS	11421000	00060	10767	1978	11	849.5
USGS	11421000	00060	10767	1978	12	922.2
USGS	11421000	00060	10767	1979	1	1882
USGS	11421000	00060	10767	1979	2	2705
USGS	11421000	00060	10767	1979	3	1992
USGS	11421000	00060	10767	1979	4	733.9
USGS	11421000	00060	10767	1979	5	1502
USGS	11421000	00060	10767	1979	6	815.3
USGS	11421000	00060	10767	1979	7	1198
USGS	11421000	00060	10767	1979	8	1725
USGS	11421000	00060	10767	1979	9	1768
USGS	11421000	00060	10767	1979	10	1909
USGS	11421000	00060	10767	1979	11	1686
USGS	11421000	00060	10767	1979	12	2224
USGS	11421000	00060	10767	1980	1	7796
USGS	11421000	00060	10767	1980	2	9508
USGS	11421000	00060	10767	1980	3	5559
USGS	11421000	00060	10767	1980	4	4076
USGS	11421000	00060	10767	1980	5	2736
USGS	11421000	00060	10767	1980	6	2462
USGS	11421000	00060	10767	1980	7	2638
USGS	11421000	00060	10767	1980	8	2530
USGS	11421000	00060	10767	1980	9	2900
USGS	11421000	00060	10767	1980	10	1557
USGS	11421000	00060	10767	1980	11	952.8
USGS	11421000	00060	10767	1980	12	1293
USGS	11421000	00060	10767	1981	1	1040
USGS	11421000	00060	10767	1981	2	925
USGS	11421000	00060	10767	1981	3	1435
USGS	11421000	00060	10767	1981	4	616.7
USGS	11421000	00060	10767	1981	5	354.2
USGS	11421000	00060	10767	1981	6	354.6
USGS	11421000	00060	10767	1981	7	318.5
USGS	11421000	00060	10767	1981	8	263.1
USGS	11421000	00060	10767	1981	9	422
USGS	11421000	00060	10767	1981	10	484.9
USGS	11421000	00060	10767	1981	11	2889
USGS	11421000	00060	10767	1981	12	8336
USGS	11421000	00060	10767	1982	1	7516
USGS	11421000	00060	10767	1982	2	10900
USGS	11421000	00060	10767	1982	3	7290
USGS	11421000	00060	10767	1982	4	14280
USGS	11421000	00060	10767	1982	5	7234
USGS	11421000	00060	10767	1982	6	3483
USGS	11421000	00060	10767	1982	7	2642
USGS	11421000	00060	10767	1982	8	2624
USGS	11421000	00060	10767	1982	9	2629
USGS	11421000	00060	10767	1982	10	1874
USGS	11421000	00060	10767	1982	11	2720
USGS	11421000	00060	10767	1982	12	4382
USGS	11421000	00060	10767	1983	1	4159
USGS	11421000	00060	10767	1983	2	7671
USGS	11421000	00060	10767	1983	3	15100
USGS	11421000	00060	10767	1983	4	6098
USGS	11421000	00060	10767	1983	5	7276
USGS	11421000	00060	10767	1983	6	8633
USGS	11421000	00060	10767	1983	7	3735
USGS	11421000	00060	10767	1983	8	2425
USGS	11421000	00060	10767	1983	9	2209
USGS	11421000	00060	10767	1983	10	2575
USGS	11421000	00060	10767	1983	11	4475
USGS	11421000	00060	10767	1983	12	11430
USGS	11421000	00060	10767	1984	1	5997
USGS	11421000	00060	10767	1984	2	4163
USGS	11421000	00060	10767	1984	3	3504
USGS	11421000	00060	10767	1984	4	2073
USGS	11421000	00060	10767	1984	5	1582
USGS	11421000	00060	10767	1984	6	2106
USGS	11421000	00060	10767	1984	7	2124
USGS	11421000	00060	10767	1984	8	2829
USGS	11421000	00060	10767	1984	9	2852
USGS	11421000	00060	10767	1984	10	1248
USGS	11421000	00060	10767	1984	11	1601
USGS	11421000	00060	10767	1984	12	2145
USGS	11421000	00060	10767	1985	1	1262
USGS	11421000	00060	10767	1985	2	1178
USGS	11421000	00060	10767	1985	3	959.6
USGS	11421000	00060	10767	1985	4	777.8
USGS	11421000	00060	10767	1985	5	559.2
USGS	11421000	00060	10767	1985	6	663.3
USGS	11421000	00060	10767	1985	7	762.8
USGS	11421000	00060	10767	1985	8	391.8
USGS	11421000	00060	10767	1985	9	339.7
USGS	11421000	00060	10767	1985	10	485.1
USGS	11421000	00060	10767	1985	11	519.5
USGS	11421000	00060	10767	1985	12	871.3
USGS	11421000	00060	10767	1986	1	1857
USGS	11421000	00060	10767	1986	2	20970
USGS	11421000	00060	10767	1986	3	12480
USGS	11421000	00060	10767	1986	4	3405
USGS	11421000	00060	10767	1986	5	1110
USGS	11421000	00060	10767	1986	6	1087
USGS	11421000	00060	10767	1986	7	1191
USGS	11421000	00060	10767	1986	8	833.4
USGS	11421000	00060	10767	1986	9	1593
USGS	11421000	00060	10767	1986	10	982
USGS	11421000	00060	10767	1986	11	597.1
USGS	11421000	00060	10767	1986	12	515.9
USGS	11421000	00060	10767	1987	1	810
USGS	11421000	00060	10767	1987	2	1108
USGS	11421000	00060	10767	1987	3	1086
USGS	11421000	00060	10767	1987	4	438.1
USGS	11421000	00060	10767	1987	5	366.7
USGS	11421000	00060	10767	1987	6	335.2
USGS	11421000	00060	10767	1987	7	175.9
USGS	11421000	00060	10767	1987	8	1060
USGS	11421000	00060	10767	1987	9	518.1
USGS	11421000	00060	10767	1987	10	461.3
USGS	11421000	00060	10767	1987	11	496.8
USGS	11421000	00060	10767	1987	12	684.2
USGS	11421000	00060	10767	1988	1	1495
USGS	11421000	00060	10767	1988	2	1271
USGS	11421000	00060	10767	1988	3	625.5
USGS	11421000	00060	10767	1988	4	424.3
USGS	11421000	00060	10767	1988	5	308
USGS	11421000	00060	10767	1988	6	308.8
USGS	11421000	00060	10767	1988	7	682.5
USGS	11421000	00060	10767	1988	8	894.2
USGS	11421000	00060	10767	1988	9	640.9
USGS	11421000	00060	10767	1988	10	428.7
USGS	11421000	00060	10767	1988	11	932.2
USGS	11421000	00060	10767	1988	12	599
USGS	11421000	00060	10767	1989	1	882.9
USGS	11421000	00060	10767	1989	2	929.6
USGS	11421000	00060	10767	1989	3	8825
USGS	11421000	00060	10767	1989	4	4903
USGS	11421000	00060	10767	1989	5	1275
USGS	11421000	00060	10767	1989	6	681.4
USGS	11421000	00060	10767	1989	7	1024
USGS	11421000	00060	10767	1989	8	1658
USGS	11421000	00060	10767	1989	9	1708
USGS	11421000	00060	10767	1989	10	760.6
USGS	11421000	00060	10767	1989	11	751.6
USGS	11421000	00060	10767	1989	12	737.5
USGS	11421000	00060	10767	1990	1	1147
USGS	11421000	00060	10767	1990	2	887.5
USGS	11421000	00060	10767	1990	3	857.4
USGS	11421000	00060	10767	1990	4	412
USGS	11421000	00060	10767	1990	5	871.6
USGS	11421000	00060	10767	1990	6	1249
USGS	11421000	00060	10767	1990	7	401.1
USGS	11421000	00060	10767	1990	8	431.9
USGS	11421000	00060	10767	1990	9	392.2
USGS	11421000	00060	10767	1990	10	947.5
USGS	11421000	00060	10767	1990	11	894.1
USGS	11421000	00060	10767	1990	12	893.2
USGS	11421000	00060	10767	1991	1	900.1
USGS	11421000	00060	10767	1991	2	757.7
USGS	11421000	00060	10767	1991	3	2392
USGS	11421000	00060	10767	1991	4	671.1
USGS	11421000	00060	10767	1991	5	348.4
USGS	11421000	00060	10767	1991	6	329.3
USGS	11421000	00060	10767	1991	7	704.9
USGS	11421000	00060	10767	1991	8	1596
USGS	11421000	00060	10767	1991	9	1970
USGS	11421000	00060	10767	1991	10	1233
USGS	11421000	00060	10767	1991	11	695.9
USGS	11421000	00060	10767	1991	12	740.6
USGS	11421000	00060	10767	1992	1	1014
USGS	11421000	00060	10767	1992	2	2009
USGS	11421000	00060	10767	1992	3	804.3
USGS	11421000	00060	10767	1992	4	603.9
USGS	11421000	00060	10767	1992	5	553.1
USGS	11421000	00060	10767	1992	6	489
USGS	11421000	00060	10767	1992	7	121.8
USGS	11421000	00060	10767	1992	8	140.6
USGS	11421000	00060	10767	1992	9	246.7
USGS	11421000	00060	10767	1992	10	448.5
USGS	11421000	00060	10767	1992	11	423.5
USGS	11421000	00060	10767	1992	12	812.7
USGS	11421000	00060	10767	1993	1	4337
USGS	11421000	00060	10767	1993	2	4908
USGS	11421000	00060	10767	1993	3	5808
USGS	11421000	00060	10767	1993	4	4660
USGS	11421000	00060	10767	1993	5	3950
USGS	11421000	00060	10767	1993	6	3850
USGS	11421000	00060	10767	1993	7	1446
USGS	11421000	00060	10767	1993	8	1350
USGS	11421000	00060	10767	1993	9	912.7
USGS	11421000	00060	10767	1993	10	1277
USGS	11421000	00060	10767	1993	11	1380
USGS	11421000	00060	10767	1993	12	1277
USGS	11421000	00060	10767	1994	1	1209
USGS	11421000	00060	10767	1994	2	1180
USGS	11421000	00060	10767	1994	3	1046
USGS	11421000	00060	10767	1994	4	514.9
USGS	11421000	00060	10767	1994	5	418.1
USGS	11421000	00060	10767	1994	6	280
USGS	11421000	00060	10767	1994	7	117.7
USGS	11421000	00060	10767	1994	8	427.5
USGS	11421000	00060	10767	1994	9	435.6
USGS	11421000	00060	10767	1994	10	449.8
USGS	11421000	00060	10767	1994	11	532
USGS	11421000	00060	10767	1994	12	919.5
USGS	11421000	00060	10767	1995	1	7782
USGS	11421000	00060	10767	1995	2	5349
USGS	11421000	00060	10767	1995	3	14080
USGS	11421000	00060	10767	1995	4	5910
USGS	11421000	00060	10767	1995	5	9721
USGS	11421000	00060	10767	1995	6	7029
USGS	11421000	00060	10767	1995	7	2897
USGS	11421000	00060	10767	1995	8	1325
USGS	11421000	00060	10767	1995	9	862
USGS	11421000	00060	10767	1995	10	964
USGS	11421000	00060	10767	1995	11	903.1
USGS	11421000	00060	10767	1995	12	1986
USGS	11421000	00060	10767	1996	1	2956
USGS	11421000	00060	10767	1996	2	11060
USGS	11421000	00060	10767	1996	3	5375
USGS	11421000	00060	10767	1996	4	4621
USGS	11421000	00060	10767	1996	5	8675
USGS	11421000	00060	10767	1996	6	2244
USGS	11421000	00060	10767	1996	7	1292
USGS	11421000	00060	10767	1996	8	1602
USGS	11421000	00060	10767	1996	9	1000
USGS	11421000	00060	10767	1996	10	1145
USGS	11421000	00060	10767	1996	11	1040
USGS	11421000	00060	10767	1996	12	8036
USGS	11421000	00060	10767	1997	1	26180
USGS	11421000	00060	10767	1997	2	6283
USGS	11421000	00060	10767	1997	3	3522
USGS	11421000	00060	10767	1997	4	1441
USGS	11421000	00060	10767	1997	5	768.6
USGS	11421000	00060	10767	1997	6	366.8
USGS	11421000	00060	10767	1997	7	1146
USGS	11421000	00060	10767	1997	8	2051
USGS	11421000	00060	10767	1997	9	600.5
USGS	11421000	00060	10767	1997	10	800.1
USGS	11421000	00060	10767	1997	11	960.9
USGS	11421000	00060	10767	1997	12	1315
USGS	11421000	00060	10767	1998	1	5461
USGS	11421000	00060	10767	1998	2	10040
USGS	11421000	00060	10767	1998	3	6398
USGS	11421000	00060	10767	1998	4	5505
USGS	11421000	00060	10767	1998	5	5348
USGS	11421000	00060	10767	1998	6	7331
USGS	11421000	00060	10767	1998	7	2284
USGS	11421000	00060	10767	1998	8	2214
USGS	11421000	00060	10767	1998	9	1453
USGS	11421000	00060	10767	1998	10	1032
USGS	11421000	00060	10767	1998	11	1498
USGS	11421000	00060	10767	1998	12	2732
USGS	11421000	00060	10767	1999	1	4020
USGS	11421000	00060	10767	1999	2	7597
USGS	11421000	00060	10767	1999	3	6025
USGS	11421000	00060	10767	1999	4	3659
USGS	11421000	00060	10767	1999	5	2215
USGS	11421000	00060	10767	1999	6	1941
USGS	11421000	00060	10767	1999	7	1651
USGS	11421000	00060	10767	1999	8	2147
USGS	11421000	00060	10767	1999	9	1161
USGS	11421000	00060	10767	1999	10	867
USGS	11421000	00060	10767	1999	11	720.5
USGS	11421000	00060	10767	1999	12	764.1
USGS	11421000	00060	10767	2000	1	1651
USGS	11421000	00060	10767	2000	2	5819
USGS	11421000	00060	10767	2000	3	5774
USGS	11421000	00060	10767	2000	4	2891
USGS	11421000	00060	10767	2000	5	1708
USGS	11421000	00060	10767	2000	6	958.9
USGS	11421000	00060	10767	2000	7	845.2
USGS	11421000	00060	10767	2000	8	1053
USGS	11421000	00060	10767	2000	9	957.9
USGS	11421000	00060	10767	2000	10	782.1
USGS	11421000	00060	10767	2000	11	641.8
USGS	11421000	00060	10767	2000	12	696
USGS	11421000	00060	10767	2001	1	827.6
USGS	11421000	00060	10767	2001	2	1028
USGS	11421000	00060	10767	2001	3	861.2
USGS	11421000	00060	10767	2001	4	803.3
USGS	11421000	00060	10767	2001	5	302.5
USGS	11421000	00060	10767	2001	6	264.3
USGS	11421000	00060	10767	2001	7	1369
USGS	11421000	00060	10767	2001	8	1270
USGS	11421000	00060	10767	2001	9	521.8
USGS	11421000	00060	10767	2001	10	431.1
USGS	11421000	00060	10767	2001	11	443.8
USGS	11421000	00060	10767	2001	12	1039
USGS	11421000	00060	10767	2002	1	1982
USGS	11421000	00060	10767	2002	2	1795
USGS	11421000	00060	10767	2002	3	2767
USGS	11421000	00060	10767	2002	4	2174
USGS	11421000	00060	10767	2002	5	1638
USGS	11421000	00060	10767	2002	6	1293
USGS	11421000	00060	10767	2002	7	1432
USGS	11421000	00060	10767	2002	8	1213
USGS	11421000	00060	10767	2002	9	464.6
USGS	11421000	00060	10767	2002	10	458.8
USGS	11421000	00060	10767	2002	11	482.7
USGS	11421000	00060	10767	2002	12	1769
USGS	11421000	00060	10767	2003	1	2025
USGS	11421000	00060	10767	2003	2	2307
USGS	11421000	00060	10767	2003	3	2426
USGS	11421000	00060	10767	2003	4	2661
USGS	11421000	00060	10767	2003	5	5194
USGS	11421000	00060	10767	2003	6	3201
USGS	11421000	00060	10767	2003	7	1745
USGS	11421000	00060	10767	2003	8	1740
USGS	11421000	00060	10767	2003	9	554.5
USGS	11421000	00060	10767	2003	10	600.7
USGS	11421000	00060	10767	2003	11	568.6
USGS	11421000	00060	10767	2003	12	1450
USGS	11421000	00060	10767	2004	1	2331
USGS	11421000	00060	10767	2004	2	3602
USGS	11421000	00060	10767	2004	3	2984
USGS	11421000	00060	10767	2004	4	1686
USGS	11421000	00060	10767	2004	5	1586
USGS	11421000	00060	10767	2004	6	961.9
USGS	11421000	00060	10767	2004	7	990.2
USGS	11421000	00060	10767	2004	8	939.5
USGS	11421000	00060	10767	2004	9	514.1
USGS	11421000	00060	10767	2004	10	596.4
USGS	11421000	00060	10767	2004	11	542.5
USGS	11421000	00060	10767	2004	12	919.1
USGS	11421000	00060	10767	2005	1	1531
USGS	11421000	00060	10767	2005	2	1118
USGS	11421000	00060	10767	2005	3	2218
USGS	11421000	00060	10767	2005	4	2364
USGS	11421000	00060	10767	2005	5	8795
USGS	11421000	00060	10767	2005	6	3174
USGS	11421000	00060	10767	2005	7	1684
USGS	11421000	00060	10767	2005	8	939.1
USGS	11421000	00060	10767	2005	9	564.8
USGS	11421000	00060	10767	2005	10	624.3
USGS	11421000	00060	10767	2005	11	856.4
USGS	11421000	00060	10767	2005	12	7844
USGS	11421000	00060	10767	2006	1	11840
USGS	11421000	00060	10767	2006	2	5302
USGS	11421000	00060	10767	2006	3	8061
USGS	11421000	00060	10767	2006	4	13820
USGS	11421000	00060	10767	2006	5	10010
USGS	11421000	00060	10767	2006	6	3059
USGS	11421000	00060	10767	2006	7	1655
USGS	11421000	00060	10767	2006	8	761.4
USGS	11421000	00060	10767	2006	9	477.9
USGS	11421000	00060	10767	2006	10	521.5
USGS	11421000	00060	10767	2006	11	532.2
USGS	11421000	00060	10767	2006	12	750.7
USGS	11421000	00060	10767	2007	1	1261
USGS	11421000	00060	10767	2007	2	2530
USGS	11421000	00060	10767	2007	3	1819
USGS	11421000	00060	10767	2007	4	930.3
USGS	11421000	00060	10767	2007	5	1030
USGS	11421000	00060	10767	2007	6	679.7
USGS	11421000	00060	10767	2007	7	726.1
USGS	11421000	00060	10767	2007	8	749.5
USGS	11421000	00060	10767	2007	9	682
USGS	11421000	00060	10767	2007	10	686.4
USGS	11421000	00060	10767	2007	11	685.1
USGS	11421000	00060	10767	2007	12	746.3
USGS	11421000	00060	10767	2008	1	1487
USGS	11421000	00060	10767	2008	2	1759
USGS	11421000	00060	10767	2008	3	916.4
USGS	11421000	00060	10767	2008	4	794.3
USGS	11421000	00060	10767	2008	5	955.9
USGS	11421000	00060	10767	2008	6	597.2
USGS	11421000	00060	10767	2008	7	864.4
USGS	11421000	00060	10767	2008	8	882.5
USGS	11421000	00060	10767	2008	9	621.9
USGS	11421000	00060	10767	2008	10	571.2
USGS	11421000	00060	10767	2008	11	557.9
USGS	11421000	00060	10767	2008	12	567
USGS	11421000	00060	10767	2009	1	588
USGS	11421000	00060	10767	2009	2	1463
USGS	11421000	00060	10767	2009	3	1731
USGS	11421000	00060	10767	2009	4	1468
USGS	11421000	00060	10767	2009	5	3766
USGS	11421000	00060	10767	2009	6	1756
USGS	11421000	00060	10767	2009	7	1675
USGS	11421000	00060	10767	2009	8	1748
USGS	11421000	00060	10767	2009	9	780.5
USGS	11421000	00060	10767	2009	10	619.8
USGS	11421000	00060	10767	2009	11	557.9
USGS	11421000	00060	10767	2009	12	580.8
USGS	11421000	00060	10767	2010	1	1217
USGS	11421000	00060	10767	2010	2	1282
USGS	11421000	00060	10767	2010	3	1399
USGS	11421000	00060	10767	2010	4	1906
USGS	11421000	00060	10767	2010	5	2239
USGS	11421000	00060	10767	2010	6	4031
USGS	11421000	00060	10767	2010	7	2603
USGS	11421000	00060	10767	2010	8	1877
USGS	11421000	00060	10767	2010	9	750.9
USGS	11421000	00060	10767	2010	10	791.2
USGS	11421000	00060	10767	2010	11	668
USGS	11421000	00060	10767	2010	12	5984
USGS	11421000	00060	10767	2011	1	3464
USGS	11421000	00060	10767	2011	2	3376
USGS	11421000	00060	10767	2011	3	9022
USGS	11421000	00060	10767	2011	4	6619
USGS	11421000	00060	10767	2011	5	6385
USGS	11421000	00060	10767	2011	6	7884
USGS	11421000	00060	10767	2011	7	4051
USGS	11421000	00060	10767	2011	8	2525
USGS	11421000	00060	10767	2011	9	670.2
USGS	11421000	00060	10767	2011	10	726.2
USGS	11421000	00060	10767	2011	11	573.8
USGS	11421000	00060	10767	2011	12	600.1
USGS	11421000	00060	10767	2012	1	717.1
USGS	11421000	00060	10767	2012	2	700.9
USGS	11421000	00060	10767	2012	3	3492
USGS	11421000	00060	10767	2012	4	4708
USGS	11421000	00060	10767	2012	5	2275
USGS	11421000	00060	10767	2012	6	996.1
USGS	11421000	00060	10767	2012	7	1365
USGS	11421000	00060	10767	2012	8	1345
USGS	11421000	00060	10767	2012	9	786.4
USGS	11421000	00060	10767	2012	10	717.1
USGS	11421000	00060	10767	2012	11	925.5
USGS	11421000	00060	10767	2012	12	4963
USGS	11421000	00060	10767	2013	1	2035
USGS	11421000	00060	10767	2013	2	1474
USGS	11421000	00060	10767	2013	3	1396
USGS	11421000	00060	10767	2013	4	980.5
USGS	11421000	00060	10767	2013	5	1037
USGS	11421000	00060	10767	2013	6	819.8
USGS	11421000	00060	10767	2013	7	1124
USGS	11421000	00060	10767	2013	8	977.4
USGS	11421000	00060	10767	2013	9	574.8
USGS	11421000	00060	10767	2013	10	572.7
USGS	11421000	00060	10767	2013	11	595.8
USGS	11421000	00060	10767	2013	12	526.3
USGS	11421000	00060	10767	2014	1	534.5
USGS	11421000	00060	10767	2014	2	1110
USGS	11421000	00060	10767	2014	3	1018
USGS	11421000	00060	10767	2014	4	695.6
USGS	11421000	00060	10767	2014	5	598.8
USGS	11421000	00060	10767	2014	6	550.6
USGS	11421000	00060	10767	2014	7	821.2
USGS	11421000	00060	10767	2014	8	818.5
USGS	11421000	00060	10767	2014	9	428.8
USGS	11421000	00060	10767	2014	10	427.2
USGS	11421000	00060	10767	2014	11	538.6
USGS	11421000	00060	10767	2014	12	1424
USGS	11421000	00060	10767	2015	1	576.3
USGS	11421000	00060	10767	2015	2	956.6
USGS	11421000	00060	10767	2015	3	647.1
USGS	11421000	00060	10767	2015	4	550
USGS	11421000	00060	10767	2015	5	459.6
USGS	11421000	00060	10767	2015	6	348.3
USGS	11421000	00060	10767	2015	7	389.5
USGS	11421000	00060	10767	2015	8	382.4
USGS	11421000	00060	10767	2015	9	395.9
USGS	11421000	00060	10767	2015	10	380.9
USGS	11421000	00060	10767	2015	11	415.4
USGS	11421000	00060	10767	2015	12	721.8
USGS	11421000	00060	10767	2016	1	1980
USGS	11421000	00060	10767	2016	2	1132
USGS	11421000	00060	10767	2016	3	9534
USGS	11421000	00060	10767	2016	4	3406
USGS	11421000	00060	10767	2016	5	2168
USGS	11421000	00060	10767	2016	6	1528
USGS	11421000	00060	10767	2016	7	803
USGS	11421000	00060	10767	2016	8	672.6
USGS	11421000	00060	10767	2016	9	573.7
USGS	11421000	00060	10767	2016	10	641.5
USGS	11421000	00060	10767	2016	11	780.2
USGS	11421000	00060	10767	2016	12	5951
USGS	11421000	00060	10767	2017	1	17610
USGS	11421000	00060	10767	2017	2	27070
USGS	11421000	00060	10767	2017	3	7702
USGS	11421000	00060	10767	2017	4	9475
USGS	11421000	00060	10767	2017	5	7803
USGS	11421000	00060	10767	2017	6	4045
USGS	11421000	00060	10767	2017	7	2320
USGS	11421000	00060	10767	2017	8	1871
USGS	11421000	00060	10767	2017	9	744.8
USGS	11421000	00060	10767	2017	10	614.3
USGS	11421000	00060	10767	2017	11	1076
USGS	11421000	00060	10767	2017	12	839.3
USGS	11421000	00060	10767	2018	1	1277
USGS	11421000	00060	10767	2018	2	995.4
USGS	11421000	00060	10767	2018	3	5951
USGS	11421000	00060	10767	2018	4	7026
USGS	11421000	00060	10767	2018	5	2092
USGS	11421000	00060	10767	2018	6	1555
USGS	11421000	00060	10767	2018	7	957.7
USGS	11421000	00060	10767	2018	8	921.2
USGS	11421000	00060	10767	2018	9	612.2
USGS	11421000	00060	10767	2018	10	613
USGS	11421000	00060	10767	2018	11	598.1
USGS	11421000	00060	10767	2018	12	781.8
USGS	11421000	00060	10767	2019	1	2142
USGS	11421000	00060	10767	2019	2	7019
USGS	11421000	00060	10767	2019	3	8164
USGS	11421000	00060	10767	2019	4	7044
USGS	11421000	00060	10767	2019	5	6359
USGS	11421000	00060	10767	2019	6	5211
USGS	11421000	00060	10767	2019	7	1794
USGS	11421000	00060	10767	2019	8	1706
USGS	11421000	00060	10767	2019	9	813.7
USGS	11421000	00060	10767	2019	10	681.4
USGS	11421000	00060	10767	2019	11	618.9
USGS	11421000	00060	10767	2019	12	1251
USGS	11421000	00060	10767	2020	1	1112
USGS	11421000	00060	10767	2020	2	875
USGS	11421000	00060	10767	2020	3	907.9
USGS	11421000	00060	10767	2020	4	1164
USGS	11421000	00060	10767	2020	5	1093
USGS	11421000	00060	10767	2020	6	854.6
USGS	11421000	00060	10767	2020	7	1182
USGS	11421000	00060	10767	2020	8	1444
USGS	11421000	00060	10767	2020	9	588.8
USGS	11421000	00060	10767	2020	10	631.4
USGS	11421000	00060	10767	2020	11	558
USGS	11421000	00060	10767	2020	12	544
USGS	11421000	00060	10767	2021	1	580
USGS	11421000	00060	10767	2021	2	745.5
USGS	11421000	00060	10767	2021	3	771.8
USGS	11421000	00060	10767	2021	4	837.5
USGS	11421000	00060	10767	2021	5	640.1
USGS	11421000	00060	10767	2021	6	432.5
USGS	11421000	00060	10767	2021	7	429.3
USGS	11421000	00060	10767	2021	8	429.7
USGS	11421000	00060	10767	2021	9	434.9
USGS	11421000	00060	10767	2021	10	1026
USGS	11421000	00060	10767	2021	11	488.1
USGS	11421000	00060	10767	2021	12	1692
USGS	11421000	00060	10767	2022	1	786.9
USGS	11421000	00060	10767	2022	2	735.4

