agency_cd	site_no	parameter_cd	ts_id	year_nu	month_nu	mean_va
USGS	11377100	00060	10255	1963	10	8486
USGS	11377100	00060	10255	1963	11	10830
USGS	11377100	00060	10255	1963	12	10870
USGS	11377100	00060	10255	1964	1	11170
USGS	11377100	00060	10255	1964	2	10060
USGS	11377100	00060	10255	1964	3	6230
USGS	11377100	00060	10255	1964	4	8326
USGS	11377100	00060	10255	1964	5	8654
USGS	11377100	00060	10255	1964	6	10070
USGS	11377100	00060	10255	1964	7	12130
USGS	11377100	00060	10255	1964	8	11780
USGS	11377100	00060	10255	1964	9	8785
USGS	11377100	00060	10255	1964	10	5794
USGS	11377100	00060	10255	1964	11	6741
USGS	11377100	00060	10255	1964	12	26000
USGS	11377100	00060	10255	1965	1	34940
USGS	11377100	00060	10255	1965	2	14940
USGS	11377100	00060	10255	1965	3	5853
USGS	11377100	00060	10255	1965	4	12330
USGS	11377100	00060	10255	1965	5	10760
USGS	11377100	00060	10255	1965	6	9686
USGS	11377100	00060	10255	1965	7	11250
USGS	11377100	00060	10255	1965	8	11570
USGS	11377100	00060	10255	1965	9	9392
USGS	11377100	00060	10255	1965	10	8475
USGS	11377100	00060	10255	1965	11	11360
USGS	11377100	00060	10255	1965	12	13770
USGS	11377100	00060	10255	1966	1	19460
USGS	11377100	00060	10255	1966	2	11880
USGS	11377100	00060	10255	1966	3	9714
USGS	11377100	00060	10255	1966	4	9533
USGS	11377100	00060	10255	1966	5	9854
USGS	11377100	00060	10255	1966	6	11370
USGS	11377100	00060	10255	1966	7	13700
USGS	11377100	00060	10255	1966	8	12670
USGS	11377100	00060	10255	1966	9	8113
USGS	11377100	00060	10255	1966	10	7771
USGS	11377100	00060	10255	1966	11	11140
USGS	11377100	00060	10255	1966	12	24230
USGS	11377100	00060	10255	1967	1	17240
USGS	11377100	00060	10255	1967	2	23220
USGS	11377100	00060	10255	1967	3	9882
USGS	11377100	00060	10255	1967	4	19760
USGS	11377100	00060	10255	1967	5	19600
USGS	11377100	00060	10255	1967	6	15250
USGS	11377100	00060	10255	1967	7	13300
USGS	11377100	00060	10255	1967	8	12650
USGS	11377100	00060	10255	1967	9	11040
USGS	11377100	00060	10255	1967	10	9734
USGS	11377100	00060	10255	1967	11	7984
USGS	11377100	00060	10255	1967	12	9609
USGS	11377100	00060	10255	1968	1	11940
USGS	11377100	00060	10255	1968	2	24240
USGS	11377100	00060	10255	1968	3	13830
USGS	11377100	00060	10255	1968	4	9606
USGS	11377100	00060	10255	1968	5	9763
USGS	11377100	00060	10255	1968	6	11290
USGS	11377100	00060	10255	1968	7	14210
USGS	11377100	00060	10255	1968	8	12910
USGS	11377100	00060	10255	1968	9	10490
USGS	11377100	00060	10255	1968	10	7934
USGS	11377100	00060	10255	1968	11	7888
USGS	11377100	00060	10255	1968	12	12460
USGS	11377100	00060	10255	1969	1	34030
USGS	11377100	00060	10255	1969	2	39990
USGS	11377100	00060	10255	1969	3	14280
USGS	11377100	00060	10255	1969	4	11840
USGS	11377100	00060	10255	1969	5	16090
USGS	11377100	00060	10255	1969	6	15100
USGS	11377100	00060	10255	1969	7	12510
USGS	11377100	00060	10255	1969	8	12050
USGS	11377100	00060	10255	1969	9	9737
USGS	11377100	00060	10255	1969	10	8428
USGS	11377100	00060	10255	1969	11	8304
USGS	11377100	00060	10255	1969	12	23880
USGS	11377100	00060	10255	1970	1	61060
USGS	11377100	00060	10255	1970	2	38870
USGS	11377100	00060	10255	1970	3	12760
USGS	11377100	00060	10255	1970	4	9465
USGS	11377100	00060	10255	1970	5	9520
USGS	11377100	00060	10255	1970	6	10310
USGS	11377100	00060	10255	1970	7	10800
USGS	11377100	00060	10255	1970	8	9529
USGS	11377100	00060	10255	1970	9	8178
USGS	11377100	00060	10255	1970	10	7411
USGS	11377100	00060	10255	1970	11	15490
USGS	11377100	00060	10255	1970	12	32520
USGS	11377100	00060	10255	1971	1	25820
USGS	11377100	00060	10255	1971	2	14080
USGS	11377100	00060	10255	1971	3	11780
USGS	11377100	00060	10255	1971	4	16520
USGS	11377100	00060	10255	1971	5	17190
USGS	11377100	00060	10255	1971	6	14870
USGS	11377100	00060	10255	1971	7	13560
USGS	11377100	00060	10255	1971	8	13650
USGS	11377100	00060	10255	1971	9	11330
USGS	11377100	00060	10255	1971	10	8072
USGS	11377100	00060	10255	1971	11	7516
USGS	11377100	00060	10255	1971	12	8910
USGS	11377100	00060	10255	1972	1	8909
USGS	11377100	00060	10255	1972	2	9750
USGS	11377100	00060	10255	1972	3	14350
USGS	11377100	00060	10255	1972	4	10950
USGS	11377100	00060	10255	1972	5	11140
USGS	11377100	00060	10255	1972	6	12140
USGS	11377100	00060	10255	1972	7	12500
USGS	11377100	00060	10255	1972	8	9993
USGS	11377100	00060	10255	1972	9	7864
USGS	11377100	00060	10255	1972	10	6961
USGS	11377100	00060	10255	1972	11	12370
USGS	11377100	00060	10255	1972	12	12890
USGS	11377100	00060	10255	1973	1	30140
USGS	11377100	00060	10255	1973	2	28440
USGS	11377100	00060	10255	1973	3	17320
USGS	11377100	00060	10255	1973	4	9187
USGS	11377100	00060	10255	1973	5	11220
USGS	11377100	00060	10255	1973	6	11090
USGS	11377100	00060	10255	1973	7	12680
USGS	11377100	00060	10255	1973	8	11450
USGS	11377100	00060	10255	1973	9	9575
USGS	11377100	00060	10255	1973	10	7768
USGS	11377100	00060	10255	1973	11	29690
USGS	11377100	00060	10255	1973	12	36460
USGS	11377100	00060	10255	1974	1	52860
USGS	11377100	00060	10255	1974	2	22180
USGS	11377100	00060	10255	1974	3	29830
USGS	11377100	00060	10255	1974	4	35110
USGS	11377100	00060	10255	1974	5	14860
USGS	11377100	00060	10255	1974	6	14420
USGS	11377100	00060	10255	1974	7	12970
USGS	11377100	00060	10255	1974	8	13150
USGS	11377100	00060	10255	1974	9	11050
USGS	11377100	00060	10255	1974	10	8914
USGS	11377100	00060	10255	1974	11	10460
USGS	11377100	00060	10255	1974	12	10620
USGS	11377100	00060	10255	1975	1	8186
USGS	11377100	00060	10255	1975	2	19860
USGS	11377100	00060	10255	1975	3	29760
USGS	11377100	00060	10255	1975	4	13710
USGS	11377100	00060	10255	1975	5	16710
USGS	11377100	00060	10255	1975	6	14420
USGS	11377100	00060	10255	1975	7	12470
USGS	11377100	00060	10255	1975	8	12460
USGS	11377100	00060	10255	1975	9	9430
USGS	11377100	00060	10255	1975	10	9646
USGS	11377100	00060	10255	1975	11	11340
USGS	11377100	00060	10255	1975	12	11530
USGS	11377100	00060	10255	1976	1	7335
USGS	11377100	00060	10255	1976	2	9129
USGS	11377100	00060	10255	1976	3	8447
USGS	11377100	00060	10255	1976	4	11060
USGS	11377100	00060	10255	1976	5	12790
USGS	11377100	00060	10255	1976	6	13690
USGS	11377100	00060	10255	1976	7	13650
USGS	11377100	00060	10255	1976	8	12470
USGS	11377100	00060	10255	1976	9	7154
USGS	11377100	00060	10255	1976	10	4467
USGS	11377100	00060	10255	1976	11	4544
USGS	11377100	00060	10255	1976	12	4296
USGS	11377100	00060	10255	1977	1	6693
USGS	11377100	00060	10255	1977	2	6117
USGS	11377100	00060	10255	1977	3	6390
USGS	11377100	00060	10255	1977	4	8442
USGS	11377100	00060	10255	1977	5	8330
USGS	11377100	00060	10255	1977	6	9552
USGS	11377100	00060	10255	1977	7	10840
USGS	11377100	00060	10255	1977	8	8542
USGS	11377100	00060	10255	1977	9	5323
USGS	11377100	00060	10255	1977	10	3935
USGS	11377100	00060	10255	1977	11	5608
USGS	11377100	00060	10255	1977	12	7572
USGS	11377100	00060	10255	1978	1	21550
USGS	11377100	00060	10255	1978	2	17800
USGS	11377100	00060	10255	1978	3	27380
USGS	11377100	00060	10255	1978	4	15880
USGS	11377100	00060	10255	1978	5	11060
USGS	11377100	00060	10255	1978	6	9594
USGS	11377100	00060	10255	1978	7	10910
USGS	11377100	00060	10255	1978	8	11000
USGS	11377100	00060	10255	1978	9	7205
USGS	11377100	00060	10255	1978	10	6410
USGS	11377100	00060	10255	1978	11	6656
USGS	11377100	00060	10255	1978	12	6764
USGS	11377100	00060	10255	1979	1	8997
USGS	11377100	00060	10255	1979	2	10370
USGS	11377100	00060	10255	1979	3	8291
USGS	11377100	00060	10255	1979	4	8133
USGS	11377100	00060	10255	1979	5	9386
USGS	11377100	00060	10255	1979	6	10800
USGS	11377100	00060	10255	1979	7	14100
USGS	11377100	00060	10255	1979	8	9993
USGS	11377100	00060	10255	1979	9	6276
USGS	11377100	00060	10255	1979	10	5669
USGS	11377100	00060	10255	1979	11	6495
USGS	11377100	00060	10255	1979	12	10500
USGS	11377100	00060	10255	1980	1	26190
USGS	11377100	00060	10255	1980	2	36220
USGS	11377100	00060	10255	1980	3	23350
USGS	11377100	00060	10255	1980	4	8849
USGS	11377100	00060	10255	1980	5	8623
USGS	11377100	00060	10255	1980	6	11270
USGS	11377100	00060	10255	1980	7	11640
USGS	11377100	00060	10255	1980	8	9653
USGS	11377100	00060	10255	1980	9	6894
USGS	11377100	00060	10255	1980	10	5417
USGS	11377100	00060	10255	1980	11	6229
USGS	11377100	00060	10255	1980	12	8504
USGS	11377100	00060	10255	1981	1	9791
USGS	11377100	00060	10255	1981	2	9273
USGS	11377100	00060	10255	1981	3	12930
USGS	11377100	00060	10255	1981	4	9977
USGS	11377100	00060	10255	1981	5	12120
USGS	11377100	00060	10255	1981	6	12390
USGS	11377100	00060	10255	1981	7	14570
USGS	11377100	00060	10255	1981	8	13530
USGS	11377100	00060	10255	1981	9	6744
USGS	11377100	00060	10255	1981	10	4516
USGS	11377100	00060	10255	1981	11	13060
USGS	11377100	00060	10255	1981	12	33150
USGS	11377100	00060	10255	1982	1	22240
USGS	11377100	00060	10255	1982	2	32200
USGS	11377100	00060	10255	1982	3	22000
USGS	11377100	00060	10255	1982	4	29790
USGS	11377100	00060	10255	1982	5	15720
USGS	11377100	00060	10255	1982	6	11650
USGS	11377100	00060	10255	1982	7	11220
USGS	11377100	00060	10255	1982	8	11930
USGS	11377100	00060	10255	1982	9	9896
USGS	11377100	00060	10255	1982	10	8360
USGS	11377100	00060	10255	1982	11	13090
USGS	11377100	00060	10255	1982	12	24480
USGS	11377100	00060	10255	1983	1	23920
USGS	11377100	00060	10255	1983	2	58190
USGS	11377100	00060	10255	1983	3	75830
USGS	11377100	00060	10255	1983	4	22910
USGS	11377100	00060	10255	1983	5	22510
USGS	11377100	00060	10255	1983	6	17460
USGS	11377100	00060	10255	1983	7	15320
USGS	11377100	00060	10255	1983	8	14630
USGS	11377100	00060	10255	1983	9	10610
USGS	11377100	00060	10255	1983	10	10600
USGS	11377100	00060	10255	1983	11	19850
USGS	11377100	00060	10255	1983	12	43350
USGS	11377100	00060	10255	1984	1	20060
USGS	11377100	00060	10255	1984	2	9750
USGS	11377100	00060	10255	1984	3	11910
USGS	11377100	00060	10255	1984	4	8567
USGS	11377100	00060	10255	1984	5	9871
USGS	11377100	00060	10255	1984	6	11080
USGS	11377100	00060	10255	1984	7	14560
USGS	11377100	00060	10255	1984	8	11620
USGS	11377100	00060	10255	1984	9	8144
USGS	11377100	00060	10255	1984	10	7495
USGS	11377100	00060	10255	1984	11	15850
USGS	11377100	00060	10255	1984	12	14530
USGS	11377100	00060	10255	1985	1	7444
USGS	11377100	00060	10255	1985	2	7389
USGS	11377100	00060	10255	1985	3	6263
USGS	11377100	00060	10255	1985	4	7295
USGS	11377100	00060	10255	1985	5	10120
USGS	11377100	00060	10255	1985	6	11020
USGS	11377100	00060	10255	1985	7	13990
USGS	11377100	00060	10255	1985	8	10740
USGS	11377100	00060	10255	1985	9	6300
USGS	11377100	00060	10255	1985	10	5198
USGS	11377100	00060	10255	1985	11	5703
USGS	11377100	00060	10255	1985	12	6397
USGS	11377100	00060	10255	1986	1	8678
USGS	11377100	00060	10255	1986	2	51330
USGS	11377100	00060	10255	1986	3	40560
USGS	11377100	00060	10255	1986	4	6879
USGS	11377100	00060	10255	1986	5	9842
USGS	11377100	00060	10255	1986	6	10340
USGS	11377100	00060	10255	1986	7	11240
USGS	11377100	00060	10255	1986	8	10110
USGS	11377100	00060	10255	1986	9	7786
USGS	11377100	00060	10255	1986	10	7044
USGS	11377100	00060	10255	1986	11	7172
USGS	11377100	00060	10255	1986	12	6775
USGS	11377100	00060	10255	1987	1	6683
USGS	11377100	00060	10255	1987	2	7170
USGS	11377100	00060	10255	1987	3	8885
USGS	11377100	00060	10255	1987	4	9783
USGS	11377100	00060	10255	1987	5	11220
USGS	11377100	00060	10255	1987	6	12710
USGS	11377100	00060	10255	1987	7	15050
USGS	11377100	00060	10255	1987	8	12300
USGS	11377100	00060	10255	1987	9	6812
USGS	11377100	00060	10255	1987	10	5309
USGS	11377100	00060	10255	1987	11	4355
USGS	11377100	00060	10255	1987	12	7769
USGS	11377100	00060	10255	1988	1	9373
USGS	11377100	00060	10255	1988	2	4941
USGS	11377100	00060	10255	1988	3	6800
USGS	11377100	00060	10255	1988	4	12480
USGS	11377100	00060	10255	1988	5	11550
USGS	11377100	00060	10255	1988	6	11500
USGS	11377100	00060	10255	1988	7	14750
USGS	11377100	00060	10255	1988	8	12070
USGS	11377100	00060	10255	1988	9	7576
USGS	11377100	00060	10255	1988	10	6163
USGS	11377100	00060	10255	1988	11	7094
USGS	11377100	00060	10255	1988	12	7113
USGS	11377100	00060	10255	1989	1	5825
USGS	11377100	00060	10255	1989	2	6179
USGS	11377100	00060	10255	1989	3	13630
USGS	11377100	00060	10255	1989	4	7041
USGS	11377100	00060	10255	1989	5	11150
USGS	11377100	00060	10255	1989	6	11860
USGS	11377100	00060	10255	1989	7	13100
USGS	11377100	00060	10255	1989	8	12170
USGS	11377100	00060	10255	1989	9	7037
USGS	11377100	00060	10255	1989	10	5710
USGS	11377100	00060	10255	1989	11	7747
USGS	11377100	00060	10255	1989	12	5083
USGS	11377100	00060	10255	1990	1	6779
USGS	11377100	00060	10255	1990	2	4700
USGS	11377100	00060	10255	1990	3	5519
USGS	11377100	00060	10255	1990	4	8453
USGS	11377100	00060	10255	1990	5	10300
USGS	11377100	00060	10255	1990	6	9244
USGS	11377100	00060	10255	1990	7	10570
USGS	11377100	00060	10255	1990	8	10650
USGS	11377100	00060	10255	1990	9	6885
USGS	11377100	00060	10255	1990	10	5273
USGS	11377100	00060	10255	1990	11	4837
USGS	11377100	00060	10255	1990	12	4576
USGS	11377100	00060	10255	1991	1	4935
USGS	11377100	00060	10255	1991	2	5064
USGS	11377100	00060	10255	1991	3	7819
USGS	11377100	00060	10255	1991	4	4804
USGS	11377100	00060	10255	1991	5	8135
USGS	11377100	00060	10255	1991	6	8645
USGS	11377100	00060	10255	1991	7	9103
USGS	11377100	00060	10255	1991	8	8489
USGS	11377100	00060	10255	1991	9	6052
USGS	11377100	00060	10255	1991	10	5108
USGS	11377100	00060	10255	1991	11	4921
USGS	11377100	00060	10255	1991	12	4604
USGS	11377100	00060	10255	1992	1	4573
USGS	11377100	00060	10255	1992	2	10180
USGS	11377100	00060	10255	1992	3	8124
USGS	11377100	00060	10255	1992	4	5228
USGS	11377100	00060	10255	1992	5	7322
USGS	11377100	00060	10255	1992	6	7431
USGS	11377100	00060	10255	1992	7	7811
USGS	11377100	00060	10255	1992	8	7998
USGS	11377100	00060	10255	1992	9	6795
USGS	11377100	00060	10255	1992	10	4563
USGS	11377100	00060	10255	1992	11	4068
USGS	11377100	00060	10255	1992	12	6486
USGS	11377100	00060	10255	1993	1	14440
USGS	11377100	00060	10255	1993	2	12490
USGS	11377100	00060	10255	1993	3	29280
USGS	11377100	00060	10255	1993	4	13820
USGS	11377100	00060	10255	1993	5	10560
USGS	11377100	00060	10255	1993	6	15180
USGS	11377100	00060	10255	1993	7	11540
USGS	11377100	00060	10255	1993	8	12040
USGS	11377100	00060	10255	1993	9	9785
USGS	11377100	00060	10255	1993	10	7292
USGS	11377100	00060	10255	1993	11	6084
USGS	11377100	00060	10255	1993	12	6890
USGS	11377100	00060	10255	1994	1	5793
USGS	11377100	00060	10255	1994	2	7468
USGS	11377100	00060	10255	1994	3	5476
USGS	11377100	00060	10255	1994	4	6094
USGS	11377100	00060	10255	1994	5	8792
USGS	11377100	00060	10255	1994	6	9762
USGS	11377100	00060	10255	1994	7	12000
USGS	11377100	00060	10255	1994	8	11360
USGS	11377100	00060	10255	1994	9	9149
USGS	11377100	00060	10255	1994	10	4972
USGS	11377100	00060	10255	1994	11	4874
USGS	11377100	00060	10255	1994	12	6171
USGS	11377100	00060	10255	1995	1	38780
USGS	11377100	00060	10255	1995	2	26940
USGS	11377100	00060	10255	1995	3	55450
USGS	11377100	00060	10255	1995	4	24970
USGS	11377100	00060	10255	1995	5	22920
USGS	11377100	00060	10255	1995	6	14850
USGS	11377100	00060	10255	1995	7	15690
USGS	11377100	00060	10255	1995	8	14320
USGS	11377100	00060	10255	1995	9	11150
USGS	11377100	00060	10255	1995	10	6260
USGS	11377100	00060	10255	1995	11	6115
USGS	11377100	00060	10255	1995	12	9192
USGS	11377100	00060	10255	1996	1	13250
USGS	11377100	00060	10255	1996	2	37780
USGS	11377100	00060	10255	1996	3	23190
USGS	11377100	00060	10255	1996	4	9360
USGS	11377100	00060	10255	1996	5	13620
USGS	11377100	00060	10255	1996	6	14710
USGS	11377100	00060	10255	1996	7	14650
USGS	11377100	00060	10255	1996	8	14430
USGS	11377100	00060	10255	1996	9	9994
USGS	11377100	00060	10255	1996	10	6878
USGS	11377100	00060	10255	1996	11	6731
USGS	11377100	00060	10255	1996	12	26490
USGS	11377100	00060	10255	1997	1	56790
USGS	11377100	00060	10255	1997	2	17490
USGS	11377100	00060	10255	1997	3	8103
USGS	11377100	00060	10255	1997	4	8168
USGS	11377100	00060	10255	1997	5	10330
USGS	11377100	00060	10255	1997	6	14110
USGS	11377100	00060	10255	1997	7	15370
USGS	11377100	00060	10255	1997	8	11680
USGS	11377100	00060	10255	1997	9	8649
USGS	11377100	00060	10255	1997	10	5788
USGS	11377100	00060	10255	1997	11	7099
USGS	11377100	00060	10255	1997	12	7686
USGS	11377100	00060	10255	1998	1	32020
USGS	11377100	00060	10255	1998	2	68400
USGS	11377100	00060	10255	1998	3	35110
USGS	11377100	00060	10255	1998	4	18860
USGS	11377100	00060	10255	1998	5	21240
USGS	11377100	00060	10255	1998	6	21150
USGS	11377100	00060	10255	1998	7	16760
USGS	11377100	00060	10255	1998	8	15790
USGS	11377100	00060	10255	1998	9	11900
USGS	11377100	00060	10255	1998	10	7999
USGS	11377100	00060	10255	1998	11	14090
USGS	11377100	00060	10255	1998	12	18610
USGS	11377100	00060	10255	1999	1	11650
USGS	11377100	00060	10255	1999	2	29660
USGS	11377100	00060	10255	1999	3	24220
USGS	11377100	00060	10255	1999	4	12180
USGS	11377100	00060	10255	1999	5	12430
USGS	11377100	00060	10255	1999	6	12650
USGS	11377100	00060	10255	1999	7	13600
USGS	11377100	00060	10255	1999	8	10590
USGS	11377100	00060	10255	1999	9	8425
USGS	11377100	00060	10255	1999	10	7006
USGS	11377100	00060	10255	1999	11	7904
USGS	11377100	00060	10255	1999	12	8042
USGS	11377100	00060	10255	2000	1	12340
USGS	11377100	00060	10255	2000	2	41210
USGS	11377100	00060	10255	2000	3	31820
USGS	11377100	00060	10255	2000	4	10920
USGS	11377100	00060	10255	2000	5	12520
USGS	11377100	00060	10255	2000	6	13470
USGS	11377100	00060	10255	2000	7	15340
USGS	11377100	00060	10255	2000	8	11610
USGS	11377100	00060	10255	2000	9	7865
USGS	11377100	00060	10255	2000	10	6869
USGS	11377100	00060	10255	2000	11	6719
USGS	11377100	00060	10255	2000	12	6451
USGS	11377100	00060	10255	2001	1	6968
USGS	11377100	00060	10255	2001	2	8456
USGS	11377100	00060	10255	2001	3	9755
USGS	11377100	00060	10255	2001	4	7900
USGS	11377100	00060	10255	2001	5	10560
USGS	11377100	00060	10255	2001	6	14090
USGS	11377100	00060	10255	2001	7	15350
USGS	11377100	00060	10255	2001	8	11490
USGS	11377100	00060	10255	2001	9	8955
USGS	11377100	00060	10255	2001	10	6789
USGS	11377100	00060	10255	2001	11	7263
USGS	11377100	00060	10255	2001	12	13100
USGS	11377100	00060	10255	2002	1	15330
USGS	11377100	00060	10255	2002	2	8612
USGS	11377100	00060	10255	2002	3	8515
USGS	11377100	00060	10255	2002	4	7446
USGS	11377100	00060	10255	2002	5	10610
USGS	11377100	00060	10255	2002	6	13540
USGS	11377100	00060	10255	2002	7	14980
USGS	11377100	00060	10255	2002	8	11390
USGS	11377100	00060	10255	2002	9	8188
USGS	11377100	00060	10255	2002	10	7664
USGS	11377100	00060	10255	2002	11	6955
USGS	11377100	00060	10255	2002	12	16350
USGS	11377100	00060	10255	2003	1	25010
USGS	11377100	00060	10255	2003	2	13650
USGS	11377100	00060	10255	2003	3	8879
USGS	11377100	00060	10255	2003	4	12520
USGS	11377100	00060	10255	2003	5	22390
USGS	11377100	00060	10255	2003	6	14640
USGS	11377100	00060	10255	2003	7	14600
USGS	11377100	00060	10255	2003	8	11000
USGS	11377100	00060	10255	2003	9	8140
USGS	11377100	00060	10255	2003	10	7322
USGS	11377100	00060	10255	2003	11	7030
USGS	11377100	00060	10255	2003	12	15680
USGS	11377100	00060	10255	2004	1	13900
USGS	11377100	00060	10255	2004	2	35480
USGS	11377100	00060	10255	2004	3	22970
USGS	11377100	00060	10255	2004	4	10510
USGS	11377100	00060	10255	2004	5	10990
USGS	11377100	00060	10255	2004	6	15000
USGS	11377100	00060	10255	2004	7	15510
USGS	11377100	00060	10255	2004	8	11140
USGS	11377100	00060	10255	2004	9	8980
USGS	11377100	00060	10255	2004	10	8262
USGS	11377100	00060	10255	2004	11	6047
USGS	11377100	00060	10255	2004	12	9553
USGS	11377100	00060	10255	2005	1	8898
USGS	11377100	00060	10255	2005	2	7398
USGS	11377100	00060	10255	2005	3	9441
USGS	11377100	00060	10255	2005	4	7398
USGS	11377100	00060	10255	2005	5	22590
USGS	11377100	00060	10255	2005	6	14150
USGS	11377100	00060	10255	2005	7	15150
USGS	11377100	00060	10255	2005	8	11230
USGS	11377100	00060	10255	2005	9	9200
USGS	11377100	00060	10255	2005	10	8424
USGS	11377100	00060	10255	2005	11	7265
USGS	11377100	00060	10255	2005	12	21000
USGS	11377100	00060	10255	2006	1	40460
USGS	11377100	00060	10255	2006	2	21370
USGS	11377100	00060	10255	2006	3	36610
USGS	11377100	00060	10255	2006	4	44230
USGS	11377100	00060	10255	2006	5	16510
USGS	11377100	00060	10255	2006	6	15470
USGS	11377100	00060	10255	2006	7	14740
USGS	11377100	00060	10255	2006	8	13370
USGS	11377100	00060	10255	2006	9	10100
USGS	11377100	00060	10255	2006	10	7104
USGS	11377100	00060	10255	2006	11	6851
USGS	11377100	00060	10255	2006	12	8929
USGS	11377100	00060	10255	2007	1	6635
USGS	11377100	00060	10255	2007	2	9189
USGS	11377100	00060	10255	2007	3	6971
USGS	11377100	00060	10255	2007	4	8699
USGS	11377100	00060	10255	2007	5	10410
USGS	11377100	00060	10255	2007	6	12330
USGS	11377100	00060	10255	2007	7	14760
USGS	11377100	00060	10255	2007	8	11500
USGS	11377100	00060	10255	2007	9	8482
USGS	11377100	00060	10255	2007	10	7128
USGS	11377100	00060	10255	2007	11	6489
USGS	11377100	00060	10255	2007	12	6187
USGS	11377100	00060	10255	2008	1	9730
USGS	11377100	00060	10255	2008	2	9294
USGS	11377100	00060	10255	2008	3	5660
USGS	11377100	00060	10255	2008	4	7625
USGS	11377100	00060	10255	2008	5	10040
USGS	11377100	00060	10255	2008	6	11740
USGS	11377100	00060	10255	2008	7	12520
USGS	11377100	00060	10255	2008	8	10290
USGS	11377100	00060	10255	2008	9	7310
USGS	11377100	00060	10255	2008	10	7312
USGS	11377100	00060	10255	2008	11	5525
USGS	11377100	00060	10255	2008	12	4637
USGS	11377100	00060	10255	2009	1	4339
USGS	11377100	00060	10255	2009	2	8900
USGS	11377100	00060	10255	2009	3	7529
USGS	11377100	00060	10255	2009	4	7079
USGS	11377100	00060	10255	2009	5	10640
USGS	11377100	00060	10255	2009	6	11440
USGS	11377100	00060	10255	2009	7	13100
USGS	11377100	00060	10255	2009	8	11340
USGS	11377100	00060	10255	2009	9	7403
USGS	11377100	00060	10255	2009	10	6648
USGS	11377100	00060	10255	2009	11	5159
USGS	11377100	00060	10255	2009	12	4426
USGS	11377100	00060	10255	2010	1	11810
USGS	11377100	00060	10255	2010	2	10520
USGS	11377100	00060	10255	2010	3	6899
USGS	11377100	00060	10255	2010	4	8978
USGS	11377100	00060	10255	2010	5	11260
USGS	11377100	00060	10255	2010	6	13760
USGS	11377100	00060	10255	2010	7	12980
USGS	11377100	00060	10255	2010	8	10680
USGS	11377100	00060	10255	2010	9	7771
USGS	11377100	00060	10255	2010	10	6849
USGS	11377100	00060	10255	2010	11	7053
USGS	11377100	00060	10255	2010	12	17530
USGS	11377100	00060	10255	2011	1	11640
USGS	11377100	00060	10255	2011	2	7212
USGS	11377100	00060	10255	2011	3	33350
USGS	11377100	00060	10255	2011	4	18580
USGS	11377100	00060	10255	2011	5	11310
USGS	11377100	00060	10255	2011	6	15250
USGS	11377100	00060	10255	2011	7	13490
USGS	11377100	00060	10255	2011	8	12200
USGS	11377100	00060	10255	2011	9	10330
USGS	11377100	00060	10255	2011	10	8930
USGS	11377100	00060	10255	2011	11	8460
USGS	11377100	00060	10255	2011	12	6481
USGS	11377100	00060	10255	2012	1	7045
USGS	11377100	00060	10255	2012	2	5518
USGS	11377100	00060	10255	2012	3	8313
USGS	11377100	00060	10255	2012	4	8543
USGS	11377100	00060	10255	2012	5	10350
USGS	11377100	00060	10255	2012	6	12700
USGS	11377100	00060	10255	2012	7	15040
USGS	11377100	00060	10255	2012	8	12680
USGS	11377100	00060	10255	2012	9	8477
USGS	11377100	00060	10255	2012	10	7054
USGS	11377100	00060	10255	2012	11	7651
USGS	11377100	00060	10255	2012	12	14200
USGS	11377100	00060	10255	2013	1	7007
USGS	11377100	00060	10255	2013	2	5861
USGS	11377100	00060	10255	2013	3	6087
USGS	11377100	00060	10255	2013	4	8778
USGS	11377100	00060	10255	2013	5	12170
USGS	11377100	00060	10255	2013	6	13860
USGS	11377100	00060	10255	2013	7	14310
USGS	11377100	00060	10255	2013	8	10730
USGS	11377100	00060	10255	2013	9	7609
USGS	11377100	00060	10255	2013	10	7149
USGS	11377100	00060	10255	2013	11	5141
USGS	11377100	00060	10255	2013	12	4454
USGS	11377100	00060	10255	2014	1	3944
USGS	11377100	00060	10255	2014	2	5367
USGS	11377100	00060	10255	2014	3	7410
USGS	11377100	00060	10255	2014	4	5250
USGS	11377100	00060	10255	2014	5	7941
USGS	11377100	00060	10255	2014	6	9910
USGS	11377100	00060	10255	2014	7	9905
USGS	11377100	00060	10255	2014	8	8575
USGS	11377100	00060	10255	2014	9	6365
USGS	11377100	00060	10255	2014	10	5703
USGS	11377100	00060	10255	2014	11	5693
USGS	11377100	00060	10255	2014	12	14170
USGS	11377100	00060	10255	2015	1	4795
USGS	11377100	00060	10255	2015	2	7981
USGS	11377100	00060	10255	2015	3	4288
USGS	11377100	00060	10255	2015	4	4963
USGS	11377100	00060	10255	2015	5	7994
USGS	11377100	00060	10255	2015	6	7559
USGS	11377100	00060	10255	2015	7	7425
USGS	11377100	00060	10255	2015	8	7337
USGS	11377100	00060	10255	2015	9	7295
USGS	11377100	00060	10255	2015	10	6926
USGS	11377100	00060	10255	2015	11	5289
USGS	11377100	00060	10255	2015	12	6845
USGS	11377100	00060	10255	2016	1	14910
USGS	11377100	00060	10255	2016	2	6640
USGS	11377100	00060	10255	2016	3	18320
USGS	11377100	00060	10255	2016	4	7311
USGS	11377100	00060	10255	2016	5	7770
USGS	11377100	00060	10255	2016	6	9398
USGS	11377100	00060	10255	2016	7	10600
USGS	11377100	00060	10255	2016	8	10680
USGS	11377100	00060	10255	2016	9	9292
USGS	11377100	00060	10255	2016	10	7775
USGS	11377100	00060	10255	2016	11	7814
USGS	11377100	00060	10255	2016	12	13170
USGS	11377100	00060	10255	2017	1	36710
USGS	11377100	00060	10255	2017	2	65240
USGS	11377100	00060	10255	2017	3	26920
USGS	11377100	00060	10255	2017	4	25260
USGS	11377100	00060	10255	2017	5	14070
USGS	11377100	00060	10255	2017	6	12120
USGS	11377100	00060	10255	2017	7	11310
USGS	11377100	00060	10255	2017	8	10960
USGS	11377100	00060	10255	2017	9	9575
USGS	11377100	00060	10255	2017	10	8568
USGS	11377100	00060	10255	2017	11	7148
USGS	11377100	00060	10255	2017	12	5871
USGS	11377100	00060	10255	2018	1	6015
USGS	11377100	00060	10255	2018	2	4960
USGS	11377100	00060	10255	2018	3	6242
USGS	11377100	00060	10255	2018	4	7779
USGS	11377100	00060	10255	2018	5	10270
USGS	11377100	00060	10255	2018	6	11410
USGS	11377100	00060	10255	2018	7	13040
USGS	11377100	00060	10255	2018	8	11170
USGS	11377100	00060	10255	2018	9	8780
USGS	11377100	00060	10255	2018	10	7814
USGS	11377100	00060	10255	2018	11	5776
USGS	11377100	00060	10255	2018	12	6401
USGS	11377100	00060	10255	2019	1	11030
USGS	11377100	00060	10255	2019	2	17420
USGS	11377100	00060	10255	2019	3	37020
USGS	11377100	00060	10255	2019	4	27780
USGS	11377100	00060	10255	2019	5	11400
USGS	11377100	00060	10255	2019	6	12960
USGS	11377100	00060	10255	2019	7	11900
USGS	11377100	00060	10255	2019	8	11470
USGS	11377100	00060	10255	2019	9	8943
USGS	11377100	00060	10255	2019	10	8012
USGS	11377100	00060	10255	2019	11	6645
USGS	11377100	00060	10255	2019	12	8177
USGS	11377100	00060	10255	2020	1	8061
USGS	11377100	00060	10255	2020	2	6543
USGS	11377100	00060	10255	2020	3	6918
USGS	11377100	00060	10255	2020	4	8347
USGS	11377100	00060	10255	2020	5	10970
USGS	11377100	00060	10255	2020	6	12510
USGS	11377100	00060	10255	2020	7	12820
USGS	11377100	00060	10255	2020	8	10350
USGS	11377100	00060	10255	2020	9	7843
USGS	11377100	00060	10255	2020	10	6558
USGS	11377100	00060	10255	2020	11	5487
USGS	11377100	00060	10255	2020	12	4426
USGS	11377100	00060	10255	2021	1	4781
USGS	11377100	00060	10255	2021	2	5501
USGS	11377100	00060	10255	2021	3	5301
USGS	11377100	00060	10255	2021	4	6844
USGS	11377100	00060	10255	2021	5	9195
USGS	11377100	00060	10255	2021	6	8132
USGS	11377100	00060	10255	2021	7	9845
USGS	11377100	00060	10255	2021	8	8556
USGS	11377100	00060	10255	2021	9	7004
USGS	11377100	00060	10255	2021	10	8197
USGS	11377100	00060	10255	2021	11	5363
USGS	11377100	00060	10255	2021	12	6983
USGS	11377100	00060	10255	2022	1	5773
USGS	11377100	00060	10255	2022	2	4443


