agency_cd	site_no	parameter_cd	ts_id	year_nu	month_nu	mean_va
USGS	11383500	00060	10308	1911	10	133
USGS	11383500	00060	10308	1911	11	135.3
USGS	11383500	00060	10308	1911	12	129.6
USGS	11383500	00060	10308	1912	1	216.9
USGS	11383500	00060	10308	1912	2	172.8
USGS	11383500	00060	10308	1912	3	299.6
USGS	11383500	00060	10308	1912	4	204.3
USGS	11383500	00060	10308	1912	5	318.4
USGS	11383500	00060	10308	1912	6	157.9
USGS	11383500	00060	10308	1912	7	106.3
USGS	11383500	00060	10308	1912	8	96
USGS	11383500	00060	10308	1912	9	146.8
USGS	11383500	00060	10308	1912	10	102.9
USGS	11383500	00060	10308	1912	11	173.4
USGS	11383500	00060	10308	1912	12	139.4
USGS	11383500	00060	10308	1913	1	354.5
USGS	11383500	00060	10308	1913	2	176.2
USGS	11383500	00060	10308	1913	3	221.4
USGS	11383500	00060	10308	1913	4	530.5
USGS	11383500	00060	10308	1913	5	404.3
USGS	11383500	00060	10308	1913	6	187.2
USGS	11383500	00060	10308	1913	7	116.6
USGS	11383500	00060	10308	1913	8	100.2
USGS	11383500	00060	10308	1913	9	93.4
USGS	11383500	00060	10308	1913	10	92.5
USGS	11383500	00060	10308	1913	11	160.6
USGS	11383500	00060	10308	1913	12	634.9
USGS	11383500	00060	10308	1914	1	1821
USGS	11383500	00060	10308	1914	2	1024
USGS	11383500	00060	10308	1914	3	697.5
USGS	11383500	00060	10308	1914	4	928.5
USGS	11383500	00060	10308	1914	5	614.2
USGS	11383500	00060	10308	1914	6	273
USGS	11383500	00060	10308	1914	7	154.8
USGS	11383500	00060	10308	1914	8	121.2
USGS	11383500	00060	10308	1914	9	115.2
USGS	11383500	00060	10308	1914	10	120
USGS	11383500	00060	10308	1914	11	122.8
USGS	11383500	00060	10308	1914	12	156.7
USGS	11383500	00060	10308	1915	1	471.5
USGS	11383500	00060	10308	1915	2	1282
USGS	11383500	00060	10308	1915	3	659.2
USGS	11383500	00060	10308	1915	4	808.2
USGS	11383500	00060	10308	1915	5	1079
USGS	11383500	00060	10308	1915	6	338.8
USGS	11383500	00060	10308	1915	7	146.7
USGS	11383500	00060	10308	1915	8	115
USGS	11383500	00060	10308	1920	4	395.2
USGS	11383500	00060	10308	1920	5	253.9
USGS	11383500	00060	10308	1920	6	108.5
USGS	11383500	00060	10308	1920	7	83.3
USGS	11383500	00060	10308	1920	8	78.1
USGS	11383500	00060	10308	1920	9	78.6
USGS	11383500	00060	10308	1920	10	91.9
USGS	11383500	00060	10308	1920	11	625.3
USGS	11383500	00060	10308	1920	12	682.5
USGS	11383500	00060	10308	1921	1	1239
USGS	11383500	00060	10308	1921	2	706.3
USGS	11383500	00060	10308	1921	3	672.1
USGS	11383500	00060	10308	1921	4	542
USGS	11383500	00060	10308	1921	5	488.5
USGS	11383500	00060	10308	1921	6	271
USGS	11383500	00060	10308	1921	7	131.6
USGS	11383500	00060	10308	1921	8	103.5
USGS	11383500	00060	10308	1921	9	100.6
USGS	11383500	00060	10308	1921	10	103.2
USGS	11383500	00060	10308	1921	11	117.7
USGS	11383500	00060	10308	1921	12	333.7
USGS	11383500	00060	10308	1922	1	254.7
USGS	11383500	00060	10308	1922	2	777.2
USGS	11383500	00060	10308	1922	3	513.9
USGS	11383500	00060	10308	1922	4	600.3
USGS	11383500	00060	10308	1922	5	799
USGS	11383500	00060	10308	1922	6	475.2
USGS	11383500	00060	10308	1922	7	156
USGS	11383500	00060	10308	1922	8	111.8
USGS	11383500	00060	10308	1922	9	100.7
USGS	11383500	00060	10308	1922	10	101.6
USGS	11383500	00060	10308	1922	11	185.8
USGS	11383500	00060	10308	1922	12	619.9
USGS	11383500	00060	10308	1923	1	335.7
USGS	11383500	00060	10308	1923	2	210.2
USGS	11383500	00060	10308	1923	3	191.5
USGS	11383500	00060	10308	1923	4	421.6
USGS	11383500	00060	10308	1923	5	202.8
USGS	11383500	00060	10308	1923	6	111.6
USGS	11383500	00060	10308	1923	7	84.2
USGS	11383500	00060	10308	1923	8	79.9
USGS	11383500	00060	10308	1923	9	86.3
USGS	11383500	00060	10308	1923	10	86.9
USGS	11383500	00060	10308	1923	11	83.2
USGS	11383500	00060	10308	1923	12	91.1
USGS	11383500	00060	10308	1924	1	98.8
USGS	11383500	00060	10308	1924	2	267
USGS	11383500	00060	10308	1924	3	154.1
USGS	11383500	00060	10308	1924	4	126.9
USGS	11383500	00060	10308	1924	5	77.2
USGS	11383500	00060	10308	1924	6	66.1
USGS	11383500	00060	10308	1924	7	63.3
USGS	11383500	00060	10308	1924	8	65.5
USGS	11383500	00060	10308	1924	9	64.3
USGS	11383500	00060	10308	1924	10	78.5
USGS	11383500	00060	10308	1924	11	121.4
USGS	11383500	00060	10308	1924	12	175.6
USGS	11383500	00060	10308	1925	1	128.5
USGS	11383500	00060	10308	1925	2	837.8
USGS	11383500	00060	10308	1925	3	287.4
USGS	11383500	00060	10308	1925	4	490.9
USGS	11383500	00060	10308	1925	5	223.6
USGS	11383500	00060	10308	1925	6	121
USGS	11383500	00060	10308	1925	7	77.5
USGS	11383500	00060	10308	1925	8	67.2
USGS	11383500	00060	10308	1925	9	71.7
USGS	11383500	00060	10308	1925	10	78.7
USGS	11383500	00060	10308	1925	11	112
USGS	11383500	00060	10308	1925	12	139.1
USGS	11383500	00060	10308	1926	1	194.9
USGS	11383500	00060	10308	1926	2	650.6
USGS	11383500	00060	10308	1926	3	238.5
USGS	11383500	00060	10308	1926	4	700.4
USGS	11383500	00060	10308	1926	5	166.1
USGS	11383500	00060	10308	1926	6	84.9
USGS	11383500	00060	10308	1926	7	66.8
USGS	11383500	00060	10308	1926	8	63
USGS	11383500	00060	10308	1926	9	64.4
USGS	11383500	00060	10308	1926	10	79.1
USGS	11383500	00060	10308	1926	11	465.3
USGS	11383500	00060	10308	1926	12	263.6
USGS	11383500	00060	10308	1927	1	427.3
USGS	11383500	00060	10308	1927	2	1270
USGS	11383500	00060	10308	1927	3	547.7
USGS	11383500	00060	10308	1927	4	657.4
USGS	11383500	00060	10308	1927	5	393.5
USGS	11383500	00060	10308	1927	6	171.9
USGS	11383500	00060	10308	1927	7	103.7
USGS	11383500	00060	10308	1927	8	86.6
USGS	11383500	00060	10308	1927	9	81.4
USGS	11383500	00060	10308	1927	10	90
USGS	11383500	00060	10308	1927	11	308.5
USGS	11383500	00060	10308	1927	12	199.3
USGS	11383500	00060	10308	1928	1	216.8
USGS	11383500	00060	10308	1928	2	432.2
USGS	11383500	00060	10308	1928	3	1172
USGS	11383500	00060	10308	1928	4	486.3
USGS	11383500	00060	10308	1928	5	252.4
USGS	11383500	00060	10308	1928	6	140
USGS	11383500	00060	10308	1928	7	90
USGS	11383500	00060	10308	1928	8	86
USGS	11383500	00060	10308	1928	9	81
USGS	11383500	00060	10308	1928	10	86.1
USGS	11383500	00060	10308	1928	11	119
USGS	11383500	00060	10308	1928	12	140.1
USGS	11383500	00060	10308	1929	1	108.3
USGS	11383500	00060	10308	1929	2	238.5
USGS	11383500	00060	10308	1929	3	195.4
USGS	11383500	00060	10308	1929	4	194.4
USGS	11383500	00060	10308	1929	5	144
USGS	11383500	00060	10308	1929	6	102.5
USGS	11383500	00060	10308	1929	7	68.1
USGS	11383500	00060	10308	1929	8	61.6
USGS	11383500	00060	10308	1929	9	62.4
USGS	11383500	00060	10308	1929	10	65.4
USGS	11383500	00060	10308	1929	11	65.2
USGS	11383500	00060	10308	1929	12	604.2
USGS	11383500	00060	10308	1930	1	389.9
USGS	11383500	00060	10308	1930	2	473
USGS	11383500	00060	10308	1930	3	600.4
USGS	11383500	00060	10308	1930	4	423.1
USGS	11383500	00060	10308	1930	5	273.2
USGS	11383500	00060	10308	1930	6	119.4
USGS	11383500	00060	10308	1930	7	82.3
USGS	11383500	00060	10308	1930	8	72.9
USGS	11383500	00060	10308	1930	9	76.2
USGS	11383500	00060	10308	1930	10	76.7
USGS	11383500	00060	10308	1930	11	86.3
USGS	11383500	00060	10308	1930	12	82.5
USGS	11383500	00060	10308	1931	1	148.7
USGS	11383500	00060	10308	1931	2	142.4
USGS	11383500	00060	10308	1931	3	243.2
USGS	11383500	00060	10308	1931	4	121.9
USGS	11383500	00060	10308	1931	5	87.7
USGS	11383500	00060	10308	1931	6	68.3
USGS	11383500	00060	10308	1931	7	55.8
USGS	11383500	00060	10308	1931	8	53.3
USGS	11383500	00060	10308	1931	9	55.2
USGS	11383500	00060	10308	1931	10	70.8
USGS	11383500	00060	10308	1931	11	79.8
USGS	11383500	00060	10308	1931	12	423.4
USGS	11383500	00060	10308	1932	1	213.2
USGS	11383500	00060	10308	1932	2	191.5
USGS	11383500	00060	10308	1932	3	313.7
USGS	11383500	00060	10308	1932	4	396.7
USGS	11383500	00060	10308	1932	5	400.2
USGS	11383500	00060	10308	1932	6	148.5
USGS	11383500	00060	10308	1932	7	82.2
USGS	11383500	00060	10308	1932	8	68.8
USGS	11383500	00060	10308	1932	9	66.5
USGS	11383500	00060	10308	1932	10	67.9
USGS	11383500	00060	10308	1932	11	75.5
USGS	11383500	00060	10308	1932	12	93.9
USGS	11383500	00060	10308	1933	1	129.4
USGS	11383500	00060	10308	1933	2	136.8
USGS	11383500	00060	10308	1933	3	319.9
USGS	11383500	00060	10308	1933	4	264.6
USGS	11383500	00060	10308	1933	5	245.8
USGS	11383500	00060	10308	1933	6	135
USGS	11383500	00060	10308	1933	7	73.1
USGS	11383500	00060	10308	1933	8	65.2
USGS	11383500	00060	10308	1933	9	65.9
USGS	11383500	00060	10308	1933	10	72.9
USGS	11383500	00060	10308	1933	11	74.6
USGS	11383500	00060	10308	1933	12	334.3
USGS	11383500	00060	10308	1934	1	276.9
USGS	11383500	00060	10308	1934	2	339.6
USGS	11383500	00060	10308	1934	3	256.6
USGS	11383500	00060	10308	1934	4	169.9
USGS	11383500	00060	10308	1934	5	102
USGS	11383500	00060	10308	1934	6	76.7
USGS	11383500	00060	10308	1934	7	62.5
USGS	11383500	00060	10308	1934	8	54.7
USGS	11383500	00060	10308	1934	9	56.3
USGS	11383500	00060	10308	1934	10	63.4
USGS	11383500	00060	10308	1934	11	161.1
USGS	11383500	00060	10308	1934	12	130.9
USGS	11383500	00060	10308	1935	1	481.6
USGS	11383500	00060	10308	1935	2	302.9
USGS	11383500	00060	10308	1935	3	496.1
USGS	11383500	00060	10308	1935	4	1059
USGS	11383500	00060	10308	1935	5	559
USGS	11383500	00060	10308	1935	6	184.9
USGS	11383500	00060	10308	1935	7	96.9
USGS	11383500	00060	10308	1935	8	76.7
USGS	11383500	00060	10308	1935	9	71.5
USGS	11383500	00060	10308	1935	10	81.7
USGS	11383500	00060	10308	1935	11	83.3
USGS	11383500	00060	10308	1935	12	106
USGS	11383500	00060	10308	1936	1	605.4
USGS	11383500	00060	10308	1936	2	909.7
USGS	11383500	00060	10308	1936	3	363.8
USGS	11383500	00060	10308	1936	4	470.7
USGS	11383500	00060	10308	1936	5	235.5
USGS	11383500	00060	10308	1936	6	158
USGS	11383500	00060	10308	1936	7	94.2
USGS	11383500	00060	10308	1936	8	76.6
USGS	11383500	00060	10308	1936	9	76.5
USGS	11383500	00060	10308	1936	10	76
USGS	11383500	00060	10308	1936	11	77.1
USGS	11383500	00060	10308	1936	12	85.4
USGS	11383500	00060	10308	1937	1	99.2
USGS	11383500	00060	10308	1937	2	380.9
USGS	11383500	00060	10308	1937	3	568.8
USGS	11383500	00060	10308	1937	4	585.2
USGS	11383500	00060	10308	1937	5	391.3
USGS	11383500	00060	10308	1937	6	143.4
USGS	11383500	00060	10308	1937	7	85
USGS	11383500	00060	10308	1937	8	69.9
USGS	11383500	00060	10308	1937	9	68.4
USGS	11383500	00060	10308	1937	10	93.5
USGS	11383500	00060	10308	1937	11	427.7
USGS	11383500	00060	10308	1937	12	1135
USGS	11383500	00060	10308	1938	1	390.7
USGS	11383500	00060	10308	1938	2	1604
USGS	11383500	00060	10308	1938	3	1569
USGS	11383500	00060	10308	1938	4	796.1
USGS	11383500	00060	10308	1938	5	720.6
USGS	11383500	00060	10308	1938	6	402.8
USGS	11383500	00060	10308	1938	7	206.8
USGS	11383500	00060	10308	1938	8	126.7
USGS	11383500	00060	10308	1938	9	111.4
USGS	11383500	00060	10308	1938	10	121.7
USGS	11383500	00060	10308	1938	11	127.9
USGS	11383500	00060	10308	1938	12	159.3
USGS	11383500	00060	10308	1939	1	140.7
USGS	11383500	00060	10308	1939	2	145.6
USGS	11383500	00060	10308	1939	3	309.3
USGS	11383500	00060	10308	1939	4	207.8
USGS	11383500	00060	10308	1939	5	127.2
USGS	11383500	00060	10308	1939	6	90.1
USGS	11383500	00060	10308	1939	7	74.8
USGS	11383500	00060	10308	1939	8	70.1
USGS	11383500	00060	10308	1939	9	72.5
USGS	11383500	00060	10308	1939	10	80.4
USGS	11383500	00060	10308	1939	11	77.4
USGS	11383500	00060	10308	1939	12	147.1
USGS	11383500	00060	10308	1940	1	693
USGS	11383500	00060	10308	1940	2	1705
USGS	11383500	00060	10308	1940	3	1275
USGS	11383500	00060	10308	1940	4	735.5
USGS	11383500	00060	10308	1940	5	255.7
USGS	11383500	00060	10308	1940	6	143.8
USGS	11383500	00060	10308	1940	7	106.4
USGS	11383500	00060	10308	1940	8	91.2
USGS	11383500	00060	10308	1940	9	96
USGS	11383500	00060	10308	1940	10	102.6
USGS	11383500	00060	10308	1940	11	131.2
USGS	11383500	00060	10308	1940	12	755.5
USGS	11383500	00060	10308	1941	1	842.3
USGS	11383500	00060	10308	1941	2	1353
USGS	11383500	00060	10308	1941	3	979
USGS	11383500	00060	10308	1941	4	1052
USGS	11383500	00060	10308	1941	5	627.9
USGS	11383500	00060	10308	1941	6	254.5
USGS	11383500	00060	10308	1941	7	155.2
USGS	11383500	00060	10308	1941	8	130.7
USGS	11383500	00060	10308	1941	9	118.1
USGS	11383500	00060	10308	1941	10	122.1
USGS	11383500	00060	10308	1941	11	147.2
USGS	11383500	00060	10308	1941	12	909.2
USGS	11383500	00060	10308	1942	1	1001
USGS	11383500	00060	10308	1942	2	1298
USGS	11383500	00060	10308	1942	3	330.8
USGS	11383500	00060	10308	1942	4	879.8
USGS	11383500	00060	10308	1942	5	712.9
USGS	11383500	00060	10308	1942	6	398.5
USGS	11383500	00060	10308	1942	7	183.1
USGS	11383500	00060	10308	1942	8	141.5
USGS	11383500	00060	10308	1942	9	127.6
USGS	11383500	00060	10308	1942	10	121.1
USGS	11383500	00060	10308	1942	11	177.2
USGS	11383500	00060	10308	1942	12	273.5
USGS	11383500	00060	10308	1943	1	824.2
USGS	11383500	00060	10308	1943	2	526.2
USGS	11383500	00060	10308	1943	3	1070
USGS	11383500	00060	10308	1943	4	790.5
USGS	11383500	00060	10308	1943	5	436.8
USGS	11383500	00060	10308	1943	6	273.5
USGS	11383500	00060	10308	1943	7	159.8
USGS	11383500	00060	10308	1943	8	128.6
USGS	11383500	00060	10308	1943	9	115.5
USGS	11383500	00060	10308	1943	10	118.3
USGS	11383500	00060	10308	1943	11	122.8
USGS	11383500	00060	10308	1943	12	125.4
USGS	11383500	00060	10308	1944	1	152.3
USGS	11383500	00060	10308	1944	2	293.2
USGS	11383500	00060	10308	1944	3	378.1
USGS	11383500	00060	10308	1944	4	317.5
USGS	11383500	00060	10308	1944	5	291.3
USGS	11383500	00060	10308	1944	6	145.2
USGS	11383500	00060	10308	1944	7	98.8
USGS	11383500	00060	10308	1944	8	87.6
USGS	11383500	00060	10308	1944	9	84.7
USGS	11383500	00060	10308	1944	10	95.6
USGS	11383500	00060	10308	1944	11	205.5
USGS	11383500	00060	10308	1944	12	295.7
USGS	11383500	00060	10308	1945	1	188.8
USGS	11383500	00060	10308	1945	2	748.8
USGS	11383500	00060	10308	1945	3	353.2
USGS	11383500	00060	10308	1945	4	348.6
USGS	11383500	00060	10308	1945	5	327.8
USGS	11383500	00060	10308	1945	6	181.3
USGS	11383500	00060	10308	1945	7	111
USGS	11383500	00060	10308	1945	8	90
USGS	11383500	00060	10308	1945	9	87
USGS	11383500	00060	10308	1945	10	140.4
USGS	11383500	00060	10308	1945	11	222.3
USGS	11383500	00060	10308	1945	12	994.4
USGS	11383500	00060	10308	1946	1	401.5
USGS	11383500	00060	10308	1946	2	241.4
USGS	11383500	00060	10308	1946	3	342.7
USGS	11383500	00060	10308	1946	4	425.4
USGS	11383500	00060	10308	1946	5	286.4
USGS	11383500	00060	10308	1946	6	140.8
USGS	11383500	00060	10308	1946	7	111.7
USGS	11383500	00060	10308	1946	8	95.3
USGS	11383500	00060	10308	1946	9	92.8
USGS	11383500	00060	10308	1946	10	96.9
USGS	11383500	00060	10308	1946	11	181.2
USGS	11383500	00060	10308	1946	12	231.1
USGS	11383500	00060	10308	1947	1	111.6
USGS	11383500	00060	10308	1947	2	371.4
USGS	11383500	00060	10308	1947	3	361.5
USGS	11383500	00060	10308	1947	4	341.2
USGS	11383500	00060	10308	1947	5	125.7
USGS	11383500	00060	10308	1947	6	113.3
USGS	11383500	00060	10308	1947	7	85.7
USGS	11383500	00060	10308	1947	8	78.8
USGS	11383500	00060	10308	1947	9	76.3
USGS	11383500	00060	10308	1947	10	138.5
USGS	11383500	00060	10308	1947	11	144.5
USGS	11383500	00060	10308	1947	12	100.5
USGS	11383500	00060	10308	1948	1	331.9
USGS	11383500	00060	10308	1948	2	129
USGS	11383500	00060	10308	1948	3	425.3
USGS	11383500	00060	10308	1948	4	1021
USGS	11383500	00060	10308	1948	5	708.3
USGS	11383500	00060	10308	1948	6	399.5
USGS	11383500	00060	10308	1948	7	138.9
USGS	11383500	00060	10308	1948	8	107.4
USGS	11383500	00060	10308	1948	9	95.6
USGS	11383500	00060	10308	1948	10	97.3
USGS	11383500	00060	10308	1948	11	116.3
USGS	11383500	00060	10308	1948	12	128.1
USGS	11383500	00060	10308	1949	1	106.9
USGS	11383500	00060	10308	1949	2	162.5
USGS	11383500	00060	10308	1949	3	615.2
USGS	11383500	00060	10308	1949	4	413.7
USGS	11383500	00060	10308	1949	5	225.4
USGS	11383500	00060	10308	1949	6	125.8
USGS	11383500	00060	10308	1949	7	85.2
USGS	11383500	00060	10308	1949	8	78.8
USGS	11383500	00060	10308	1949	9	75.2
USGS	11383500	00060	10308	1949	10	77.8
USGS	11383500	00060	10308	1949	11	89.7
USGS	11383500	00060	10308	1949	12	84.9
USGS	11383500	00060	10308	1950	1	306.2
USGS	11383500	00060	10308	1950	2	657.3
USGS	11383500	00060	10308	1950	3	447.6
USGS	11383500	00060	10308	1950	4	706.3
USGS	11383500	00060	10308	1950	5	400.4
USGS	11383500	00060	10308	1950	6	178.1
USGS	11383500	00060	10308	1950	7	105.7
USGS	11383500	00060	10308	1950	8	87.2
USGS	11383500	00060	10308	1950	9	85.6
USGS	11383500	00060	10308	1950	10	159
USGS	11383500	00060	10308	1950	11	509.8
USGS	11383500	00060	10308	1950	12	770.8
USGS	11383500	00060	10308	1951	1	636
USGS	11383500	00060	10308	1951	2	818.5
USGS	11383500	00060	10308	1951	3	481.9
USGS	11383500	00060	10308	1951	4	508.5
USGS	11383500	00060	10308	1951	5	443.7
USGS	11383500	00060	10308	1951	6	176.3
USGS	11383500	00060	10308	1951	7	123
USGS	11383500	00060	10308	1951	8	106.3
USGS	11383500	00060	10308	1951	9	98.5
USGS	11383500	00060	10308	1951	10	120.3
USGS	11383500	00060	10308	1951	11	200.7
USGS	11383500	00060	10308	1951	12	780.5
USGS	11383500	00060	10308	1952	1	649
USGS	11383500	00060	10308	1952	2	1049
USGS	11383500	00060	10308	1952	3	687
USGS	11383500	00060	10308	1952	4	1086
USGS	11383500	00060	10308	1952	5	1018
USGS	11383500	00060	10308	1952	6	433.3
USGS	11383500	00060	10308	1952	7	220.5
USGS	11383500	00060	10308	1952	8	164.7
USGS	11383500	00060	10308	1952	9	129.8
USGS	11383500	00060	10308	1952	10	124.4
USGS	11383500	00060	10308	1952	11	128.8
USGS	11383500	00060	10308	1952	12	523.4
USGS	11383500	00060	10308	1953	1	1326
USGS	11383500	00060	10308	1953	2	313.7
USGS	11383500	00060	10308	1953	3	402.5
USGS	11383500	00060	10308	1953	4	574.8
USGS	11383500	00060	10308	1953	5	582.9
USGS	11383500	00060	10308	1953	6	378.5
USGS	11383500	00060	10308	1953	7	179.7
USGS	11383500	00060	10308	1953	8	139.5
USGS	11383500	00060	10308	1953	9	120.1
USGS	11383500	00060	10308	1953	10	120.9
USGS	11383500	00060	10308	1953	11	196
USGS	11383500	00060	10308	1953	12	154
USGS	11383500	00060	10308	1954	1	473.7
USGS	11383500	00060	10308	1954	2	767.8
USGS	11383500	00060	10308	1954	3	723.3
USGS	11383500	00060	10308	1954	4	1020
USGS	11383500	00060	10308	1954	5	387.5
USGS	11383500	00060	10308	1954	6	196.3
USGS	11383500	00060	10308	1954	7	134
USGS	11383500	00060	10308	1954	8	119.3
USGS	11383500	00060	10308	1954	9	111.5
USGS	11383500	00060	10308	1954	10	110
USGS	11383500	00060	10308	1954	11	174.7
USGS	11383500	00060	10308	1954	12	270.2
USGS	11383500	00060	10308	1955	1	203.5
USGS	11383500	00060	10308	1955	2	165.1
USGS	11383500	00060	10308	1955	3	242.4
USGS	11383500	00060	10308	1955	4	358.5
USGS	11383500	00060	10308	1955	5	327.5
USGS	11383500	00060	10308	1955	6	127.7
USGS	11383500	00060	10308	1955	7	95.9
USGS	11383500	00060	10308	1955	8	82
USGS	11383500	00060	10308	1955	9	83
USGS	11383500	00060	10308	1955	10	86.5
USGS	11383500	00060	10308	1955	11	119.3
USGS	11383500	00060	10308	1955	12	1825
USGS	11383500	00060	10308	1956	1	1572
USGS	11383500	00060	10308	1956	2	976.4
USGS	11383500	00060	10308	1956	3	532.5
USGS	11383500	00060	10308	1956	4	584.4
USGS	11383500	00060	10308	1956	5	727.4
USGS	11383500	00060	10308	1956	6	340
USGS	11383500	00060	10308	1956	7	171.8
USGS	11383500	00060	10308	1956	8	125.5
USGS	11383500	00060	10308	1956	9	121.6
USGS	11383500	00060	10308	1956	10	139.6
USGS	11383500	00060	10308	1956	11	131.7
USGS	11383500	00060	10308	1956	12	122.7
USGS	11383500	00060	10308	1957	1	163.9
USGS	11383500	00060	10308	1957	2	598.5
USGS	11383500	00060	10308	1957	3	618.8
USGS	11383500	00060	10308	1957	4	326.3
USGS	11383500	00060	10308	1957	5	424
USGS	11383500	00060	10308	1957	6	170.9
USGS	11383500	00060	10308	1957	7	109.3
USGS	11383500	00060	10308	1957	8	95.3
USGS	11383500	00060	10308	1957	9	133.6
USGS	11383500	00060	10308	1957	10	177
USGS	11383500	00060	10308	1957	11	181.8
USGS	11383500	00060	10308	1957	12	367.9
USGS	11383500	00060	10308	1958	1	524.2
USGS	11383500	00060	10308	1958	2	1708
USGS	11383500	00060	10308	1958	3	1013
USGS	11383500	00060	10308	1958	4	1157
USGS	11383500	00060	10308	1958	5	788.8
USGS	11383500	00060	10308	1958	6	400.4
USGS	11383500	00060	10308	1958	7	189.9
USGS	11383500	00060	10308	1958	8	143.4
USGS	11383500	00060	10308	1958	9	127.3
USGS	11383500	00060	10308	1958	10	122.5
USGS	11383500	00060	10308	1958	11	131.9
USGS	11383500	00060	10308	1958	12	132.9
USGS	11383500	00060	10308	1959	1	453.3
USGS	11383500	00060	10308	1959	2	686.9
USGS	11383500	00060	10308	1959	3	293.4
USGS	11383500	00060	10308	1959	4	247.2
USGS	11383500	00060	10308	1959	5	161.8
USGS	11383500	00060	10308	1959	6	113.9
USGS	11383500	00060	10308	1959	7	91.4
USGS	11383500	00060	10308	1959	8	84.2
USGS	11383500	00060	10308	1959	9	90.8
USGS	11383500	00060	10308	1959	10	91.9
USGS	11383500	00060	10308	1959	11	92
USGS	11383500	00060	10308	1959	12	96.7
USGS	11383500	00060	10308	1960	1	172.3
USGS	11383500	00060	10308	1960	2	569.7
USGS	11383500	00060	10308	1960	3	535.5
USGS	11383500	00060	10308	1960	4	332
USGS	11383500	00060	10308	1960	5	221.8
USGS	11383500	00060	10308	1960	6	126.6
USGS	11383500	00060	10308	1960	7	88.7
USGS	11383500	00060	10308	1960	8	78.5
USGS	11383500	00060	10308	1960	9	78.9
USGS	11383500	00060	10308	1960	10	87.4
USGS	11383500	00060	10308	1960	11	203.1
USGS	11383500	00060	10308	1960	12	307.4
USGS	11383500	00060	10308	1961	1	201
USGS	11383500	00060	10308	1961	2	587
USGS	11383500	00060	10308	1961	3	415.7
USGS	11383500	00060	10308	1961	4	346.4
USGS	11383500	00060	10308	1961	5	252.3
USGS	11383500	00060	10308	1961	6	141.9
USGS	11383500	00060	10308	1961	7	91.6
USGS	11383500	00060	10308	1961	8	82.9
USGS	11383500	00060	10308	1961	9	79
USGS	11383500	00060	10308	1961	10	82
USGS	11383500	00060	10308	1961	11	120.7
USGS	11383500	00060	10308	1961	12	279.7
USGS	11383500	00060	10308	1962	1	162.6
USGS	11383500	00060	10308	1962	2	918.6
USGS	11383500	00060	10308	1962	3	397.9
USGS	11383500	00060	10308	1962	4	521.4
USGS	11383500	00060	10308	1962	5	312.4
USGS	11383500	00060	10308	1962	6	158.8
USGS	11383500	00060	10308	1962	7	98.4
USGS	11383500	00060	10308	1962	8	82.7
USGS	11383500	00060	10308	1962	9	76.9
USGS	11383500	00060	10308	1962	10	774.8
USGS	11383500	00060	10308	1962	11	177.8
USGS	11383500	00060	10308	1962	12	523.3
USGS	11383500	00060	10308	1963	1	329.9
USGS	11383500	00060	10308	1963	2	718.6
USGS	11383500	00060	10308	1963	3	442.7
USGS	11383500	00060	10308	1963	4	1217
USGS	11383500	00060	10308	1963	5	478.5
USGS	11383500	00060	10308	1963	6	208.1
USGS	11383500	00060	10308	1963	7	133.5
USGS	11383500	00060	10308	1963	8	108.7
USGS	11383500	00060	10308	1963	9	102.5
USGS	11383500	00060	10308	1963	10	117.4
USGS	11383500	00060	10308	1963	11	251.7
USGS	11383500	00060	10308	1963	12	134.7
USGS	11383500	00060	10308	1964	1	342.2
USGS	11383500	00060	10308	1964	2	191.7
USGS	11383500	00060	10308	1964	3	176.9
USGS	11383500	00060	10308	1964	4	274.5
USGS	11383500	00060	10308	1964	5	224.9
USGS	11383500	00060	10308	1964	6	144.4
USGS	11383500	00060	10308	1964	7	96.7
USGS	11383500	00060	10308	1964	8	85.1
USGS	11383500	00060	10308	1964	9	87.1
USGS	11383500	00060	10308	1964	10	84
USGS	11383500	00060	10308	1964	11	235
USGS	11383500	00060	10308	1964	12	1705
USGS	11383500	00060	10308	1965	1	1271
USGS	11383500	00060	10308	1965	2	415.6
USGS	11383500	00060	10308	1965	3	352.7
USGS	11383500	00060	10308	1965	4	875.2
USGS	11383500	00060	10308	1965	5	381.9
USGS	11383500	00060	10308	1965	6	213.8
USGS	11383500	00060	10308	1965	7	138.3
USGS	11383500	00060	10308	1965	8	128.8
USGS	11383500	00060	10308	1965	9	108.9
USGS	11383500	00060	10308	1965	10	108.8
USGS	11383500	00060	10308	1965	11	254.1
USGS	11383500	00060	10308	1965	12	182.4
USGS	11383500	00060	10308	1966	1	380.4
USGS	11383500	00060	10308	1966	2	282.8
USGS	11383500	00060	10308	1966	3	329.2
USGS	11383500	00060	10308	1966	4	485.7
USGS	11383500	00060	10308	1966	5	221.7
USGS	11383500	00060	10308	1966	6	121.5
USGS	11383500	00060	10308	1966	7	94.9
USGS	11383500	00060	10308	1966	8	85.9
USGS	11383500	00060	10308	1966	9	85.2
USGS	11383500	00060	10308	1966	10	84.8
USGS	11383500	00060	10308	1966	11	357.3
USGS	11383500	00060	10308	1966	12	533.7
USGS	11383500	00060	10308	1967	1	771.8
USGS	11383500	00060	10308	1967	2	486.9
USGS	11383500	00060	10308	1967	3	740.5
USGS	11383500	00060	10308	1967	4	707.3
USGS	11383500	00060	10308	1967	5	977.5
USGS	11383500	00060	10308	1967	6	429.1
USGS	11383500	00060	10308	1967	7	166.5
USGS	11383500	00060	10308	1967	8	125
USGS	11383500	00060	10308	1967	9	111.6
USGS	11383500	00060	10308	1967	10	116.9
USGS	11383500	00060	10308	1967	11	122.6
USGS	11383500	00060	10308	1967	12	158.3
USGS	11383500	00060	10308	1968	1	444.4
USGS	11383500	00060	10308	1968	2	871
USGS	11383500	00060	10308	1968	3	503.8
USGS	11383500	00060	10308	1968	4	330
USGS	11383500	00060	10308	1968	5	204.2
USGS	11383500	00060	10308	1968	6	125.8
USGS	11383500	00060	10308	1968	7	95.1
USGS	11383500	00060	10308	1968	8	96.4
USGS	11383500	00060	10308	1968	9	86.8
USGS	11383500	00060	10308	1968	10	104.4
USGS	11383500	00060	10308	1968	11	160
USGS	11383500	00060	10308	1968	12	508.2
USGS	11383500	00060	10308	1969	1	1868
USGS	11383500	00060	10308	1969	2	972.9
USGS	11383500	00060	10308	1969	3	486.9
USGS	11383500	00060	10308	1969	4	841.7
USGS	11383500	00060	10308	1969	5	820.3
USGS	11383500	00060	10308	1969	6	317.1
USGS	11383500	00060	10308	1969	7	164
USGS	11383500	00060	10308	1969	8	128
USGS	11383500	00060	10308	1969	9	114.2
USGS	11383500	00060	10308	1969	10	124.2
USGS	11383500	00060	10308	1969	11	139.5
USGS	11383500	00060	10308	1969	12	753.3
USGS	11383500	00060	10308	1970	1	2458
USGS	11383500	00060	10308	1970	2	676.7
USGS	11383500	00060	10308	1970	3	714.3
USGS	11383500	00060	10308	1970	4	266.6
USGS	11383500	00060	10308	1970	5	226.8
USGS	11383500	00060	10308	1970	6	173.1
USGS	11383500	00060	10308	1970	7	126.3
USGS	11383500	00060	10308	1970	8	104.9
USGS	11383500	00060	10308	1970	9	98.5
USGS	11383500	00060	10308	1970	10	109.7
USGS	11383500	00060	10308	1970	11	409.9
USGS	11383500	00060	10308	1970	12	681.9
USGS	11383500	00060	10308	1971	1	551.1
USGS	11383500	00060	10308	1971	2	310.2
USGS	11383500	00060	10308	1971	3	762.3
USGS	11383500	00060	10308	1971	4	627.8
USGS	11383500	00060	10308	1971	5	541
USGS	11383500	00060	10308	1971	6	324.5
USGS	11383500	00060	10308	1971	7	174.1
USGS	11383500	00060	10308	1971	8	123.3
USGS	11383500	00060	10308	1971	9	112.8
USGS	11383500	00060	10308	1971	10	113.5
USGS	11383500	00060	10308	1971	11	126.3
USGS	11383500	00060	10308	1971	12	205.5
USGS	11383500	00060	10308	1972	1	217.2
USGS	11383500	00060	10308	1972	2	298.3
USGS	11383500	00060	10308	1972	3	581.2
USGS	11383500	00060	10308	1972	4	481
USGS	11383500	00060	10308	1972	5	231.3
USGS	11383500	00060	10308	1972	6	138.8
USGS	11383500	00060	10308	1972	7	101.6
USGS	11383500	00060	10308	1972	8	89.4
USGS	11383500	00060	10308	1972	9	93.6
USGS	11383500	00060	10308	1972	10	112.7
USGS	11383500	00060	10308	1972	11	250.4
USGS	11383500	00060	10308	1972	12	278
USGS	11383500	00060	10308	1973	1	837.9
USGS	11383500	00060	10308	1973	2	804.9
USGS	11383500	00060	10308	1973	3	562.3
USGS	11383500	00060	10308	1973	4	506.6
USGS	11383500	00060	10308	1973	5	433.9
USGS	11383500	00060	10308	1973	6	172.6
USGS	11383500	00060	10308	1973	7	116
USGS	11383500	00060	10308	1973	8	100.5
USGS	11383500	00060	10308	1973	9	99.3
USGS	11383500	00060	10308	1973	10	121.7
USGS	11383500	00060	10308	1973	11	983.6
USGS	11383500	00060	10308	1973	12	796.7
USGS	11383500	00060	10308	1974	1	1628
USGS	11383500	00060	10308	1974	2	481
USGS	11383500	00060	10308	1974	3	1530
USGS	11383500	00060	10308	1974	4	1009
USGS	11383500	00060	10308	1974	5	561
USGS	11383500	00060	10308	1974	6	312.2
USGS	11383500	00060	10308	1974	7	198.8
USGS	11383500	00060	10308	1974	8	155.8
USGS	11383500	00060	10308	1974	9	132.7
USGS	11383500	00060	10308	1974	10	131.7
USGS	11383500	00060	10308	1974	11	144.4
USGS	11383500	00060	10308	1974	12	177.7
USGS	11383500	00060	10308	1975	1	184
USGS	11383500	00060	10308	1975	2	777.6
USGS	11383500	00060	10308	1975	3	962.6
USGS	11383500	00060	10308	1975	4	537.1
USGS	11383500	00060	10308	1975	5	806.7
USGS	11383500	00060	10308	1975	6	375.8
USGS	11383500	00060	10308	1975	7	172.4
USGS	11383500	00060	10308	1975	8	140.8
USGS	11383500	00060	10308	1975	9	121.9
USGS	11383500	00060	10308	1975	10	149.6
USGS	11383500	00060	10308	1975	11	155.7
USGS	11383500	00060	10308	1975	12	151.6
USGS	11383500	00060	10308	1976	1	121.7
USGS	11383500	00060	10308	1976	2	190.7
USGS	11383500	00060	10308	1976	3	233.4
USGS	11383500	00060	10308	1976	4	200.1
USGS	11383500	00060	10308	1976	5	133
USGS	11383500	00060	10308	1976	6	98.1
USGS	11383500	00060	10308	1976	7	85.8
USGS	11383500	00060	10308	1976	8	91.2
USGS	11383500	00060	10308	1976	9	88.4
USGS	11383500	00060	10308	1976	10	87.6
USGS	11383500	00060	10308	1976	11	91.3
USGS	11383500	00060	10308	1976	12	89.5
USGS	11383500	00060	10308	1977	1	89.5
USGS	11383500	00060	10308	1977	2	95.3
USGS	11383500	00060	10308	1977	3	109.1
USGS	11383500	00060	10308	1977	4	99.5
USGS	11383500	00060	10308	1977	5	101.7
USGS	11383500	00060	10308	1977	6	75.8
USGS	11383500	00060	10308	1977	7	62.6
USGS	11383500	00060	10308	1977	8	62.4
USGS	11383500	00060	10308	1977	9	70.8
USGS	11383500	00060	10308	1977	10	72
USGS	11383500	00060	10308	1977	11	88.9
USGS	11383500	00060	10308	1977	12	243.2
USGS	11383500	00060	10308	1978	1	1194
USGS	11383500	00060	10308	1978	2	735.5
USGS	11383500	00060	10308	1978	3	1008
USGS	11383500	00060	10308	1978	4	680.3
USGS	11383500	00060	10308	1978	5	389.9
USGS	11383500	00060	10308	1978	6	194.6
USGS	11383500	00060	10308	1978	7	114.4
USGS	11383500	00060	10308	1978	8	94.2
USGS	11383500	00060	10308	1978	9	96.1
USGS	11383500	00060	10308	1978	10	88.6
USGS	11383500	00060	10308	1978	11	97.2
USGS	11383500	00060	10308	1978	12	101.5
USGS	11383500	00060	10308	1979	1	182.5
USGS	11383500	00060	10308	1979	2	496.6
USGS	11383500	00060	10308	1979	3	481.3
USGS	11383500	00060	10308	1979	4	374.8
USGS	11383500	00060	10308	1979	5	351.5
USGS	11383500	00060	10308	1979	6	128.2
USGS	11383500	00060	10308	1979	7	95.5
USGS	11383500	00060	10308	1979	8	92.3
USGS	11383500	00060	10308	1979	9	88.9
USGS	11383500	00060	10308	1979	10	127.2
USGS	11383500	00060	10308	1979	11	164.9
USGS	11383500	00060	10308	1979	12	315.7
USGS	11383500	00060	10308	1980	1	1198
USGS	11383500	00060	10308	1980	2	1307
USGS	11383500	00060	10308	1980	3	550.3
USGS	11383500	00060	10308	1980	4	362.4
USGS	11383500	00060	10308	1980	5	336.8
USGS	11383500	00060	10308	1980	6	187.3
USGS	11383500	00060	10308	1980	7	121.9
USGS	11383500	00060	10308	1980	8	100.5
USGS	11383500	00060	10308	1980	9	101.7
USGS	11383500	00060	10308	1980	10	104
USGS	11383500	00060	10308	1980	11	106.4
USGS	11383500	00060	10308	1980	12	227.7
USGS	11383500	00060	10308	1981	1	378.3
USGS	11383500	00060	10308	1981	2	339.4
USGS	11383500	00060	10308	1981	3	358
USGS	11383500	00060	10308	1981	4	229.3
USGS	11383500	00060	10308	1981	5	143.7
USGS	11383500	00060	10308	1981	6	99.2
USGS	11383500	00060	10308	1981	7	81.4
USGS	11383500	00060	10308	1981	8	76.2
USGS	11383500	00060	10308	1981	9	81
USGS	11383500	00060	10308	1981	10	136.4
USGS	11383500	00060	10308	1981	11	957
USGS	11383500	00060	10308	1981	12	883.4
USGS	11383500	00060	10308	1982	1	566.5
USGS	11383500	00060	10308	1982	2	915.5
USGS	11383500	00060	10308	1982	3	815.5
USGS	11383500	00060	10308	1982	4	1494
USGS	11383500	00060	10308	1982	5	561
USGS	11383500	00060	10308	1982	6	244.3
USGS	11383500	00060	10308	1982	7	167.3
USGS	11383500	00060	10308	1982	8	138.8
USGS	11383500	00060	10308	1982	9	137.6
USGS	11383500	00060	10308	1982	10	178.4
USGS	11383500	00060	10308	1982	11	308.5
USGS	11383500	00060	10308	1982	12	598.4
USGS	11383500	00060	10308	1983	1	909.4
USGS	11383500	00060	10308	1983	2	1422
USGS	11383500	00060	10308	1983	3	2105
USGS	11383500	00060	10308	1983	4	813.5
USGS	11383500	00060	10308	1983	5	894.7
USGS	11383500	00060	10308	1983	6	571.7
USGS	11383500	00060	10308	1983	7	266.8
USGS	11383500	00060	10308	1983	8	193.7
USGS	11383500	00060	10308	1983	9	173.9
USGS	11383500	00060	10308	1983	10	170.4
USGS	11383500	00060	10308	1983	11	639.4
USGS	11383500	00060	10308	1983	12	1518
USGS	11383500	00060	10308	1984	1	518.7
USGS	11383500	00060	10308	1984	2	405.2
USGS	11383500	00060	10308	1984	3	578.4
USGS	11383500	00060	10308	1984	4	397.2
USGS	11383500	00060	10308	1984	5	318.7
USGS	11383500	00060	10308	1984	6	221.9
USGS	11383500	00060	10308	1984	7	149.5
USGS	11383500	00060	10308	1984	8	125.7
USGS	11383500	00060	10308	1984	9	117.8
USGS	11383500	00060	10308	1984	10	140.9
USGS	11383500	00060	10308	1984	11	380.3
USGS	11383500	00060	10308	1984	12	214.5
USGS	11383500	00060	10308	1985	1	148.4
USGS	11383500	00060	10308	1985	2	232.1
USGS	11383500	00060	10308	1985	3	211.8
USGS	11383500	00060	10308	1985	4	308.7
USGS	11383500	00060	10308	1985	5	155.6
USGS	11383500	00060	10308	1985	6	105.7
USGS	11383500	00060	10308	1985	7	88.7
USGS	11383500	00060	10308	1985	8	82.2
USGS	11383500	00060	10308	1985	9	104.1
USGS	11383500	00060	10308	1985	10	102.6
USGS	11383500	00060	10308	1985	11	161.9
USGS	11383500	00060	10308	1985	12	215.3
USGS	11383500	00060	10308	1986	1	456.6
USGS	11383500	00060	10308	1986	2	2600
USGS	11383500	00060	10308	1986	3	1151
USGS	11383500	00060	10308	1986	4	362.5
USGS	11383500	00060	10308	1986	5	286.8
USGS	11383500	00060	10308	1986	6	171.3
USGS	11383500	00060	10308	1986	7	130.9
USGS	11383500	00060	10308	1986	8	113.8
USGS	11383500	00060	10308	1986	9	134
USGS	11383500	00060	10308	1986	10	122.2
USGS	11383500	00060	10308	1986	11	120.8
USGS	11383500	00060	10308	1986	12	124.2
USGS	11383500	00060	10308	1987	1	175.8
USGS	11383500	00060	10308	1987	2	336.3
USGS	11383500	00060	10308	1987	3	729.9
USGS	11383500	00060	10308	1987	4	246.5
USGS	11383500	00060	10308	1987	5	135.8
USGS	11383500	00060	10308	1987	6	96.2
USGS	11383500	00060	10308	1987	7	83.1
USGS	11383500	00060	10308	1987	8	76
USGS	11383500	00060	10308	1987	9	77.1
USGS	11383500	00060	10308	1987	10	80.5
USGS	11383500	00060	10308	1987	11	89.9
USGS	11383500	00060	10308	1987	12	287.5
USGS	11383500	00060	10308	1988	1	350.2
USGS	11383500	00060	10308	1988	2	162
USGS	11383500	00060	10308	1988	3	176.5
USGS	11383500	00060	10308	1988	4	171.5
USGS	11383500	00060	10308	1988	5	131.2
USGS	11383500	00060	10308	1988	6	103.4
USGS	11383500	00060	10308	1988	7	76.7
USGS	11383500	00060	10308	1988	8	70.2
USGS	11383500	00060	10308	1988	9	68.4
USGS	11383500	00060	10308	1988	10	71.4
USGS	11383500	00060	10308	1988	11	168.7
USGS	11383500	00060	10308	1988	12	112.7
USGS	11383500	00060	10308	1989	1	155.2
USGS	11383500	00060	10308	1989	2	156.6
USGS	11383500	00060	10308	1989	3	1204
USGS	11383500	00060	10308	1989	4	453.1
USGS	11383500	00060	10308	1989	5	176.6
USGS	11383500	00060	10308	1989	6	119.7
USGS	11383500	00060	10308	1989	7	89.1
USGS	11383500	00060	10308	1989	8	81.6
USGS	11383500	00060	10308	1989	9	99.2
USGS	11383500	00060	10308	1989	10	162
USGS	11383500	00060	10308	1989	11	124.3
USGS	11383500	00060	10308	1989	12	110.3
USGS	11383500	00060	10308	1990	1	252.9
USGS	11383500	00060	10308	1990	2	206.4
USGS	11383500	00060	10308	1990	3	277.2
USGS	11383500	00060	10308	1990	4	156
USGS	11383500	00060	10308	1990	5	135
USGS	11383500	00060	10308	1990	6	129.4
USGS	11383500	00060	10308	1990	7	74.9
USGS	11383500	00060	10308	1990	8	71.1
USGS	11383500	00060	10308	1990	9	74.1
USGS	11383500	00060	10308	1990	10	74.6
USGS	11383500	00060	10308	1990	11	83.9
USGS	11383500	00060	10308	1990	12	83.6
USGS	11383500	00060	10308	1991	1	87.4
USGS	11383500	00060	10308	1991	2	106.9
USGS	11383500	00060	10308	1991	3	586.5
USGS	11383500	00060	10308	1991	4	326.4
USGS	11383500	00060	10308	1991	5	187.7
USGS	11383500	00060	10308	1991	6	106.4
USGS	11383500	00060	10308	1991	7	78.3
USGS	11383500	00060	10308	1991	8	63.3
USGS	11383500	00060	10308	1991	9	61
USGS	11383500	00060	10308	1991	10	68
USGS	11383500	00060	10308	1991	11	74.9
USGS	11383500	00060	10308	1991	12	93.4
USGS	11383500	00060	10308	1992	1	145.3
USGS	11383500	00060	10308	1992	2	583.9
USGS	11383500	00060	10308	1992	3	356.7
USGS	11383500	00060	10308	1992	4	264.4
USGS	11383500	00060	10308	1992	5	123.2
USGS	11383500	00060	10308	1992	6	95.6
USGS	11383500	00060	10308	1992	7	81.5
USGS	11383500	00060	10308	1992	8	68
USGS	11383500	00060	10308	1992	9	63.2
USGS	11383500	00060	10308	1992	10	71.4
USGS	11383500	00060	10308	1992	11	83
USGS	11383500	00060	10308	1992	12	207.9
USGS	11383500	00060	10308	1993	1	896.8
USGS	11383500	00060	10308	1993	2	724.6
USGS	11383500	00060	10308	1993	3	895.7
USGS	11383500	00060	10308	1993	4	719.3
USGS	11383500	00060	10308	1993	5	453.2
USGS	11383500	00060	10308	1993	6	305.8
USGS	11383500	00060	10308	1993	7	122.3
USGS	11383500	00060	10308	1993	8	97.9
USGS	11383500	00060	10308	1993	9	92.7
USGS	11383500	00060	10308	1993	10	104.7
USGS	11383500	00060	10308	1993	11	107.4
USGS	11383500	00060	10308	1993	12	182
USGS	11383500	00060	10308	1994	1	151.2
USGS	11383500	00060	10308	1994	2	278.2
USGS	11383500	00060	10308	1994	3	238.7
USGS	11383500	00060	10308	1994	4	155.4
USGS	11383500	00060	10308	1994	5	145.6
USGS	11383500	00060	10308	1994	6	84.8
USGS	11383500	00060	10308	1994	7	66.5
USGS	11383500	00060	10308	1994	8	61.5
USGS	11383500	00060	10308	1994	9	63.5
USGS	11383500	00060	10308	1994	10	67.7
USGS	11383500	00060	10308	1994	11	91.4
USGS	11383500	00060	10308	1994	12	195.8
USGS	11383500	00060	10308	1995	1	2026
USGS	11383500	00060	10308	1995	2	672.9
USGS	11383500	00060	10308	1995	3	2053
USGS	11383500	00060	10308	1995	4	1103
USGS	11383500	00060	10308	1995	5	1193
USGS	11383500	00060	10308	1995	6	445.9
USGS	11383500	00060	10308	1995	7	226.5
USGS	11383500	00060	10308	1995	8	151.2
USGS	11383500	00060	10308	1995	9	122.2
USGS	11383500	00060	10308	1995	10	115.9
USGS	11383500	00060	10308	1995	11	117.6
USGS	11383500	00060	10308	1995	12	343.2
USGS	11383500	00060	10308	1996	1	499.5
USGS	11383500	00060	10308	1996	2	1222
USGS	11383500	00060	10308	1996	3	695.2
USGS	11383500	00060	10308	1996	4	634
USGS	11383500	00060	10308	1996	5	642.5
USGS	11383500	00060	10308	1996	6	245.8
USGS	11383500	00060	10308	1996	7	151
USGS	11383500	00060	10308	1996	8	118.1
USGS	11383500	00060	10308	1996	9	110.6
USGS	11383500	00060	10308	1996	10	118.7
USGS	11383500	00060	10308	1996	11	171.7
USGS	11383500	00060	10308	1996	12	1424
USGS	11383500	00060	10308	1997	1	2326
USGS	11383500	00060	10308	1997	2	547.9
USGS	11383500	00060	10308	1997	3	367.8
USGS	11383500	00060	10308	1997	4	315.5
USGS	11383500	00060	10308	1997	5	213.7
USGS	11383500	00060	10308	1997	6	154.8
USGS	11383500	00060	10308	1997	7	115.5
USGS	11383500	00060	10308	1997	8	98.3
USGS	11383500	00060	10308	1997	9	100.4
USGS	11383500	00060	10308	1997	10	113.5
USGS	11383500	00060	10308	1997	11	198.6
USGS	11383500	00060	10308	1997	12	260.8
USGS	11383500	00060	10308	1998	1	1097
USGS	11383500	00060	10308	1998	2	1845
USGS	11383500	00060	10308	1998	3	860.3
USGS	11383500	00060	10308	1998	4	697
USGS	11383500	00060	10308	1998	5	905.7
USGS	11383500	00060	10308	1998	6	674.2
USGS	11383500	00060	10308	1998	7	255.4
USGS	11383500	00060	10308	1998	8	171.9
USGS	11383500	00060	10308	1998	9	146.8
USGS	11383500	00060	10308	1998	10	141
USGS	11383500	00060	10308	1998	11	344.6
USGS	11383500	00060	10308	1998	12	409.5
USGS	11383500	00060	10308	1999	1	391.2
USGS	11383500	00060	10308	1999	2	1069
USGS	11383500	00060	10308	1999	3	782.6
USGS	11383500	00060	10308	1999	4	564.6
USGS	11383500	00060	10308	1999	5	386.9
USGS	11383500	00060	10308	1999	6	195.2
USGS	11383500	00060	10308	1999	7	135.1
USGS	11383500	00060	10308	1999	8	127.7
USGS	11383500	00060	10308	1999	9	121.8
USGS	11383500	00060	10308	1999	10	120.7
USGS	11383500	00060	10308	1999	11	164
USGS	11383500	00060	10308	1999	12	134
USGS	11383500	00060	10308	2000	1	368.9
USGS	11383500	00060	10308	2000	2	1156
USGS	11383500	00060	10308	2000	3	651.9
USGS	11383500	00060	10308	2000	4	402.4
USGS	11383500	00060	10308	2000	5	248.4
USGS	11383500	00060	10308	2000	6	157
USGS	11383500	00060	10308	2000	7	125.6
USGS	11383500	00060	10308	2000	8	101.4
USGS	11383500	00060	10308	2000	9	101.1
USGS	11383500	00060	10308	2000	10	116.8
USGS	11383500	00060	10308	2000	11	116.9
USGS	11383500	00060	10308	2000	12	124.3
USGS	11383500	00060	10308	2001	1	176.8
USGS	11383500	00060	10308	2001	2	399.7
USGS	11383500	00060	10308	2001	3	393.8
USGS	11383500	00060	10308	2001	4	253.3
USGS	11383500	00060	10308	2001	5	154.5
USGS	11383500	00060	10308	2001	6	101.8
USGS	11383500	00060	10308	2001	7	87.9
USGS	11383500	00060	10308	2001	8	75.6
USGS	11383500	00060	10308	2001	9	79.8
USGS	11383500	00060	10308	2001	10	83.1
USGS	11383500	00060	10308	2001	11	173.3
USGS	11383500	00060	10308	2001	12	455.4
USGS	11383500	00060	10308	2002	1	480.3
USGS	11383500	00060	10308	2002	2	268.4
USGS	11383500	00060	10308	2002	3	379.6
USGS	11383500	00060	10308	2002	4	374.9
USGS	11383500	00060	10308	2002	5	184.5
USGS	11383500	00060	10308	2002	6	113.3
USGS	11383500	00060	10308	2002	7	82.2
USGS	11383500	00060	10308	2002	8	77
USGS	11383500	00060	10308	2002	9	77.8
USGS	11383500	00060	10308	2002	10	80.2
USGS	11383500	00060	10308	2002	11	119.8
USGS	11383500	00060	10308	2002	12	922.4
USGS	11383500	00060	10308	2003	1	733.8
USGS	11383500	00060	10308	2003	2	386.2
USGS	11383500	00060	10308	2003	3	643.2
USGS	11383500	00060	10308	2003	4	774
USGS	11383500	00060	10308	2003	5	714.6
USGS	11383500	00060	10308	2003	6	222.7
USGS	11383500	00060	10308	2003	7	144.6
USGS	11383500	00060	10308	2003	8	114.1
USGS	11383500	00060	10308	2003	9	98.4
USGS	11383500	00060	10308	2003	10	98
USGS	11383500	00060	10308	2003	11	125.2
USGS	11383500	00060	10308	2003	12	417.9
USGS	11383500	00060	10308	2004	1	372.6
USGS	11383500	00060	10308	2004	2	1086
USGS	11383500	00060	10308	2004	3	650.2
USGS	11383500	00060	10308	2004	4	386.5
USGS	11383500	00060	10308	2004	5	216.1
USGS	11383500	00060	10308	2004	6	126
USGS	11383500	00060	10308	2004	7	102.8
USGS	11383500	00060	10308	2004	8	90.6
USGS	11383500	00060	10308	2004	9	93.2
USGS	11383500	00060	10308	2004	10	128.2
USGS	11383500	00060	10308	2004	11	114.7
USGS	11383500	00060	10308	2004	12	296.5
USGS	11383500	00060	10308	2005	1	381.7
USGS	11383500	00060	10308	2005	2	272.5
USGS	11383500	00060	10308	2005	3	499.1
USGS	11383500	00060	10308	2005	4	414.8
USGS	11383500	00060	10308	2005	5	621.7
USGS	11383500	00060	10308	2005	6	224.4
USGS	11383500	00060	10308	2005	7	122.5
USGS	11383500	00060	10308	2005	8	97.1
USGS	11383500	00060	10308	2005	9	92.1
USGS	11383500	00060	10308	2005	10	97.6
USGS	11383500	00060	10308	2005	11	142.1
USGS	11383500	00060	10308	2005	12	1213
USGS	11383500	00060	10308	2006	1	1017
USGS	11383500	00060	10308	2006	2	793.9
USGS	11383500	00060	10308	2006	3	1358
USGS	11383500	00060	10308	2006	4	1710
USGS	11383500	00060	10308	2006	5	783.9
USGS	11383500	00060	10308	2006	6	284
USGS	11383500	00060	10308	2006	7	186.9
USGS	11383500	00060	10308	2006	8	162.2
USGS	11383500	00060	10308	2006	9	141.2
USGS	11383500	00060	10308	2006	10	132.5
USGS	11383500	00060	10308	2006	11	161
USGS	11383500	00060	10308	2006	12	252.9
USGS	11383500	00060	10308	2007	1	165
USGS	11383500	00060	10308	2007	2	432.1
USGS	11383500	00060	10308	2007	3	311.1
USGS	11383500	00060	10308	2007	4	205.9
USGS	11383500	00060	10308	2007	5	153.8
USGS	11383500	00060	10308	2007	6	96.4
USGS	11383500	00060	10308	2007	7	90.6
USGS	11383500	00060	10308	2007	8	81.7
USGS	11383500	00060	10308	2007	9	78
USGS	11383500	00060	10308	2007	10	85.4
USGS	11383500	00060	10308	2007	11	91.1
USGS	11383500	00060	10308	2007	12	125.5
USGS	11383500	00060	10308	2008	1	388.7
USGS	11383500	00060	10308	2008	2	398.9
USGS	11383500	00060	10308	2008	3	275.2
USGS	11383500	00060	10308	2008	4	280.9
USGS	11383500	00060	10308	2008	5	241
USGS	11383500	00060	10308	2008	6	129.9
USGS	11383500	00060	10308	2008	7	90.4
USGS	11383500	00060	10308	2008	8	76.9
USGS	11383500	00060	10308	2008	9	73.5
USGS	11383500	00060	10308	2008	10	80.8
USGS	11383500	00060	10308	2008	11	118.5
USGS	11383500	00060	10308	2008	12	112.2
USGS	11383500	00060	10308	2009	1	157.9
USGS	11383500	00060	10308	2009	2	662.1
USGS	11383500	00060	10308	2009	3	725.5
USGS	11383500	00060	10308	2009	4	226.4
USGS	11383500	00060	10308	2009	5	275.1
USGS	11383500	00060	10308	2009	6	130.5
USGS	11383500	00060	10308	2009	7	88.4
USGS	11383500	00060	10308	2009	8	77.3
USGS	11383500	00060	10308	2009	9	74.4
USGS	11383500	00060	10308	2009	10	90.8
USGS	11383500	00060	10308	2009	11	95.4
USGS	11383500	00060	10308	2009	12	130
USGS	11383500	00060	10308	2010	1	596.5
USGS	11383500	00060	10308	2010	2	473.8
USGS	11383500	00060	10308	2010	3	419.1
USGS	11383500	00060	10308	2010	4	610.7
USGS	11383500	00060	10308	2010	5	477.1
USGS	11383500	00060	10308	2010	6	245.6
USGS	11383500	00060	10308	2010	7	133.9
USGS	11383500	00060	10308	2010	8	98.3
USGS	11383500	00060	10308	2010	9	90.1
USGS	11383500	00060	10308	2010	10	125.5
USGS	11383500	00060	10308	2010	11	139.4
USGS	11383500	00060	10308	2010	12	657
USGS	11383500	00060	10308	2011	1	284.7
USGS	11383500	00060	10308	2011	2	468.8
USGS	11383500	00060	10308	2011	3	1283
USGS	11383500	00060	10308	2011	4	1035
USGS	11383500	00060	10308	2011	5	814.8
USGS	11383500	00060	10308	2011	6	526.2
USGS	11383500	00060	10308	2011	7	218
USGS	11383500	00060	10308	2011	8	163.4
USGS	11383500	00060	10308	2011	9	127.8
USGS	11383500	00060	10308	2011	10	135.8
USGS	11383500	00060	10308	2011	11	138.3
USGS	11383500	00060	10308	2011	12	124.9
USGS	11383500	00060	10308	2012	1	183.9
USGS	11383500	00060	10308	2012	2	144.4
USGS	11383500	00060	10308	2012	3	645.6
USGS	11383500	00060	10308	2012	4	608.8
USGS	11383500	00060	10308	2012	5	250.4
USGS	11383500	00060	10308	2012	6	137.2
USGS	11383500	00060	10308	2012	7	105.4
USGS	11383500	00060	10308	2012	8	85.6
USGS	11383500	00060	10308	2012	9	82.5
USGS	11383500	00060	10308	2012	10	92.9
USGS	11383500	00060	10308	2012	11	260.8
USGS	11383500	00060	10308	2012	12	1045
USGS	11383500	00060	10308	2013	1	263.9
USGS	11383500	00060	10308	2013	2	231.1
USGS	11383500	00060	10308	2013	3	315.7
USGS	11383500	00060	10308	2013	4	271.3
USGS	11383500	00060	10308	2013	5	140.5
USGS	11383500	00060	10308	2013	6	116.5
USGS	11383500	00060	10308	2013	7	88.9
USGS	11383500	00060	10308	2013	8	85
USGS	11383500	00060	10308	2013	9	85.3
USGS	11383500	00060	10308	2013	10	86.5
USGS	11383500	00060	10308	2013	11	95.2
USGS	11383500	00060	10308	2013	12	90.6
USGS	11383500	00060	10308	2014	1	89.8
USGS	11383500	00060	10308	2014	2	200
USGS	11383500	00060	10308	2014	3	415.5
USGS	11383500	00060	10308	2014	4	200.9
USGS	11383500	00060	10308	2014	5	106.1
USGS	11383500	00060	10308	2014	6	79.3
USGS	11383500	00060	10308	2014	7	68.2
USGS	11383500	00060	10308	2014	8	65.2
USGS	11383500	00060	10308	2014	9	62.7
USGS	11383500	00060	10308	2014	10	69.6
USGS	11383500	00060	10308	2014	11	87.6
USGS	11383500	00060	10308	2014	12	648.7
USGS	11383500	00060	10308	2015	1	140.1
USGS	11383500	00060	10308	2015	2	355.8
USGS	11383500	00060	10308	2015	3	121.3
USGS	11383500	00060	10308	2015	4	94
USGS	11383500	00060	10308	2015	5	85.1
USGS	11383500	00060	10308	2015	6	71.8
USGS	11383500	00060	10308	2015	7	59.2
USGS	11383500	00060	10308	2015	8	59.2
USGS	11383500	00060	10308	2015	9	65.1
USGS	11383500	00060	10308	2015	10	63.4
USGS	11383500	00060	10308	2015	11	75.1
USGS	11383500	00060	10308	2015	12	214.1
USGS	11383500	00060	10308	2016	1	749.2
USGS	11383500	00060	10308	2016	2	402.9
USGS	11383500	00060	10308	2016	3	1354
USGS	11383500	00060	10308	2016	4	318.7
USGS	11383500	00060	10308	2016	5	203.5
USGS	11383500	00060	10308	2016	6	142.1
USGS	11383500	00060	10308	2016	7	87.7
USGS	11383500	00060	10308	2016	8	77
USGS	11383500	00060	10308	2016	9	79
USGS	11383500	00060	10308	2016	10	149.1
USGS	11383500	00060	10308	2016	11	222.8
USGS	11383500	00060	10308	2016	12	944
USGS	11383500	00060	10308	2017	1	1566
USGS	11383500	00060	10308	2017	2	2475
USGS	11383500	00060	10308	2017	3	836.5
USGS	11383500	00060	10308	2017	4	1137
USGS	11383500	00060	10308	2017	5	513.5
USGS	11383500	00060	10308	2017	6	269.9
USGS	11383500	00060	10308	2017	7	177.1
USGS	11383500	00060	10308	2017	8	134.6
USGS	11383500	00060	10308	2017	9	119.4
USGS	11383500	00060	10308	2017	10	121.5
USGS	11383500	00060	10308	2017	11	270.7
USGS	11383500	00060	10308	2017	12	157
USGS	11383500	00060	10308	2018	1	312.1
USGS	11383500	00060	10308	2018	2	199
USGS	11383500	00060	10308	2018	3	713.5
USGS	11383500	00060	10308	2018	4	632.7
USGS	11383500	00060	10308	2018	5	211.7
USGS	11383500	00060	10308	2018	6	138
USGS	11383500	00060	10308	2018	7	97.3
USGS	11383500	00060	10308	2018	8	86.8
USGS	11383500	00060	10308	2018	9	82.4
USGS	11383500	00060	10308	2018	10	87.2
USGS	11383500	00060	10308	2018	11	114.1
USGS	11383500	00060	10308	2018	12	219.2
USGS	11383500	00060	10308	2019	1	756.5
USGS	11383500	00060	10308	2019	2	1359
USGS	11383500	00060	10308	2019	3	1082
USGS	11383500	00060	10308	2019	4	1003
USGS	11383500	00060	10308	2019	5	627.4
USGS	11383500	00060	10308	2019	6	300.4
USGS	11383500	00060	10308	2019	7	150.5
USGS	11383500	00060	10308	2019	8	104.3
USGS	11383500	00060	10308	2019	9	118.3
USGS	11383500	00060	10308	2019	10	116.6
USGS	11383500	00060	10308	2019	11	114.3
USGS	11383500	00060	10308	2019	12	225.3
USGS	11383500	00060	10308	2020	1	244
USGS	11383500	00060	10308	2020	2	160
USGS	11383500	00060	10308	2020	3	151.2
USGS	11383500	00060	10308	2020	4	250
USGS	11383500	00060	10308	2020	5	176.6
USGS	11383500	00060	10308	2020	6	98.5
USGS	11383500	00060	10308	2020	7	78.7
USGS	11383500	00060	10308	2020	8	74.6
USGS	11383500	00060	10308	2020	9	69.5
USGS	11383500	00060	10308	2020	10	74.5
USGS	11383500	00060	10308	2020	11	95.1
USGS	11383500	00060	10308	2020	12	103
USGS	11383500	00060	10308	2021	1	153.3
USGS	11383500	00060	10308	2021	2	232.8
USGS	11383500	00060	10308	2021	3	178.6
USGS	11383500	00060	10308	2021	4	159
USGS	11383500	00060	10308	2021	5	113
USGS	11383500	00060	10308	2021	6	75.1
USGS	11383500	00060	10308	2021	7	63.9
USGS	11383500	00060	10308	2021	8	62.3
USGS	11383500	00060	10308	2021	9	61.1
USGS	11383500	00060	10308	2021	10	193.5
USGS	11383500	00060	10308	2021	11	108.9
USGS	11383500	00060	10308	2021	12	424.8
USGS	11383500	00060	10308	2022	1	259.2
USGS	11383500	00060	10308	2022	2	167.5
USGS	11383500	00060	10308	2022	3	204.9

