agency_cd	site_no	parameter_cd	ts_id	year_nu	month_nu	mean_va
USGS	11390000	00060	10385	1930	10	95
USGS	11390000	00060	10385	1930	11	93
USGS	11390000	00060	10385	1930	12	100.7
USGS	11390000	00060	10385	1931	1	224.3
USGS	11390000	00060	10385	1931	2	212.5
USGS	11390000	00060	10385	1931	3	294.9
USGS	11390000	00060	10385	1931	4	210.5
USGS	11390000	00060	10385	1931	5	149
USGS	11390000	00060	10385	1931	6	103.9
USGS	11390000	00060	10385	1931	7	67.1
USGS	11390000	00060	10385	1931	8	46.1
USGS	11390000	00060	10385	1931	9	72.8
USGS	11390000	00060	10385	1931	10	107.8
USGS	11390000	00060	10385	1931	11	131.9
USGS	11390000	00060	10385	1931	12	456.2
USGS	11390000	00060	10385	1932	1	359.7
USGS	11390000	00060	10385	1932	2	304.9
USGS	11390000	00060	10385	1932	3	443.4
USGS	11390000	00060	10385	1932	4	482.1
USGS	11390000	00060	10385	1932	5	441.7
USGS	11390000	00060	10385	1932	6	232.1
USGS	11390000	00060	10385	1932	7	121.7
USGS	11390000	00060	10385	1932	8	88.3
USGS	11390000	00060	10385	1932	9	86
USGS	11390000	00060	10385	1932	10	114.5
USGS	11390000	00060	10385	1932	11	106.7
USGS	11390000	00060	10385	1932	12	111.9
USGS	11390000	00060	10385	1933	1	155.8
USGS	11390000	00060	10385	1933	2	139.8
USGS	11390000	00060	10385	1933	3	376.9
USGS	11390000	00060	10385	1933	4	347.9
USGS	11390000	00060	10385	1933	5	372.7
USGS	11390000	00060	10385	1933	6	232.8
USGS	11390000	00060	10385	1933	7	88.8
USGS	11390000	00060	10385	1933	8	94.5
USGS	11390000	00060	10385	1933	9	89.3
USGS	11390000	00060	10385	1933	10	96.6
USGS	11390000	00060	10385	1933	11	87.2
USGS	11390000	00060	10385	1933	12	311.9
USGS	11390000	00060	10385	1934	1	381.4
USGS	11390000	00060	10385	1934	2	535.6
USGS	11390000	00060	10385	1934	3	395.5
USGS	11390000	00060	10385	1934	4	229.2
USGS	11390000	00060	10385	1934	5	162.3
USGS	11390000	00060	10385	1934	6	129.3
USGS	11390000	00060	10385	1934	7	85.4
USGS	11390000	00060	10385	1934	8	69.9
USGS	11390000	00060	10385	1934	9	74.2
USGS	11390000	00060	10385	1934	10	98.7
USGS	11390000	00060	10385	1934	11	201.5
USGS	11390000	00060	10385	1934	12	185.8
USGS	11390000	00060	10385	1935	1	499.7
USGS	11390000	00060	10385	1935	2	384.3
USGS	11390000	00060	10385	1935	3	640.7
USGS	11390000	00060	10385	1935	4	1427
USGS	11390000	00060	10385	1935	5	740.5
USGS	11390000	00060	10385	1935	6	282.5
USGS	11390000	00060	10385	1935	7	137.4
USGS	11390000	00060	10385	1935	8	99.4
USGS	11390000	00060	10385	1935	9	98.9
USGS	11390000	00060	10385	1935	10	118.4
USGS	11390000	00060	10385	1935	11	109.2
USGS	11390000	00060	10385	1935	12	140.8
USGS	11390000	00060	10385	1936	1	880.7
USGS	11390000	00060	10385	1936	2	1422
USGS	11390000	00060	10385	1936	3	514.8
USGS	11390000	00060	10385	1936	4	658.1
USGS	11390000	00060	10385	1936	5	293
USGS	11390000	00060	10385	1936	6	241.8
USGS	11390000	00060	10385	1936	7	141.9
USGS	11390000	00060	10385	1936	8	123
USGS	11390000	00060	10385	1936	9	107.3
USGS	11390000	00060	10385	1936	10	95.9
USGS	11390000	00060	10385	1936	11	97.2
USGS	11390000	00060	10385	1936	12	109.2
USGS	11390000	00060	10385	1937	1	117.8
USGS	11390000	00060	10385	1937	2	361.4
USGS	11390000	00060	10385	1937	3	726
USGS	11390000	00060	10385	1937	4	875.4
USGS	11390000	00060	10385	1937	5	620.5
USGS	11390000	00060	10385	1937	6	343.6
USGS	11390000	00060	10385	1937	7	155.4
USGS	11390000	00060	10385	1937	8	115
USGS	11390000	00060	10385	1937	9	98.9
USGS	11390000	00060	10385	1937	10	119.8
USGS	11390000	00060	10385	1937	11	453
USGS	11390000	00060	10385	1937	12	1216
USGS	11390000	00060	10385	1938	1	462.3
USGS	11390000	00060	10385	1938	2	1920
USGS	11390000	00060	10385	1938	3	1885
USGS	11390000	00060	10385	1938	4	1182
USGS	11390000	00060	10385	1938	5	1015
USGS	11390000	00060	10385	1938	6	454.3
USGS	11390000	00060	10385	1938	7	219.2
USGS	11390000	00060	10385	1938	8	154.7
USGS	11390000	00060	10385	1938	9	120.6
USGS	11390000	00060	10385	1938	10	169.1
USGS	11390000	00060	10385	1938	11	185.1
USGS	11390000	00060	10385	1938	12	207.4
USGS	11390000	00060	10385	1939	1	196.7
USGS	11390000	00060	10385	1939	2	213
USGS	11390000	00060	10385	1939	3	376.4
USGS	11390000	00060	10385	1939	4	310.9
USGS	11390000	00060	10385	1939	5	220.5
USGS	11390000	00060	10385	1939	6	142.2
USGS	11390000	00060	10385	1939	7	85.8
USGS	11390000	00060	10385	1939	8	77.2
USGS	11390000	00060	10385	1939	9	94.9
USGS	11390000	00060	10385	1939	10	113.4
USGS	11390000	00060	10385	1939	11	92.3
USGS	11390000	00060	10385	1939	12	172.3
USGS	11390000	00060	10385	1940	1	940.1
USGS	11390000	00060	10385	1940	2	1723
USGS	11390000	00060	10385	1940	3	1493
USGS	11390000	00060	10385	1940	4	951.6
USGS	11390000	00060	10385	1940	5	347.4
USGS	11390000	00060	10385	1940	6	196.9
USGS	11390000	00060	10385	1940	7	124.2
USGS	11390000	00060	10385	1940	8	112.5
USGS	11390000	00060	10385	1940	9	118.3
USGS	11390000	00060	10385	1940	10	143.1
USGS	11390000	00060	10385	1940	11	171.7
USGS	11390000	00060	10385	1940	12	995.2
USGS	11390000	00060	10385	1941	1	1370
USGS	11390000	00060	10385	1941	2	1791
USGS	11390000	00060	10385	1941	3	1166
USGS	11390000	00060	10385	1941	4	1283
USGS	11390000	00060	10385	1941	5	702.7
USGS	11390000	00060	10385	1941	6	358.8
USGS	11390000	00060	10385	1941	7	178.4
USGS	11390000	00060	10385	1941	8	141
USGS	11390000	00060	10385	1941	9	137.9
USGS	11390000	00060	10385	1941	10	150.6
USGS	11390000	00060	10385	1941	11	177.6
USGS	11390000	00060	10385	1941	12	1128
USGS	11390000	00060	10385	1942	1	1173
USGS	11390000	00060	10385	1942	2	1716
USGS	11390000	00060	10385	1942	3	445.7
USGS	11390000	00060	10385	1942	4	926.8
USGS	11390000	00060	10385	1942	5	642.9
USGS	11390000	00060	10385	1942	6	472
USGS	11390000	00060	10385	1942	7	215.2
USGS	11390000	00060	10385	1942	8	158.8
USGS	11390000	00060	10385	1942	9	148.1
USGS	11390000	00060	10385	1942	10	131.6
USGS	11390000	00060	10385	1942	11	206
USGS	11390000	00060	10385	1942	12	357.1
USGS	11390000	00060	10385	1943	1	966.2
USGS	11390000	00060	10385	1943	2	675.7
USGS	11390000	00060	10385	1943	3	1072
USGS	11390000	00060	10385	1943	4	692.8
USGS	11390000	00060	10385	1943	5	424.4
USGS	11390000	00060	10385	1943	6	277.8
USGS	11390000	00060	10385	1943	7	166.9
USGS	11390000	00060	10385	1943	8	140.6
USGS	11390000	00060	10385	1943	9	120.3
USGS	11390000	00060	10385	1943	10	118.7
USGS	11390000	00060	10385	1943	11	135.3
USGS	11390000	00060	10385	1943	12	153.1
USGS	11390000	00060	10385	1944	1	204.4
USGS	11390000	00060	10385	1944	2	380
USGS	11390000	00060	10385	1944	3	526.3
USGS	11390000	00060	10385	1944	4	424.7
USGS	11390000	00060	10385	1944	5	412.3
USGS	11390000	00060	10385	1944	6	240.1
USGS	11390000	00060	10385	1944	7	146.7
USGS	11390000	00060	10385	1944	8	120.6
USGS	11390000	00060	10385	1944	9	110.3
USGS	11390000	00060	10385	1944	10	126.9
USGS	11390000	00060	10385	1944	11	264.4
USGS	11390000	00060	10385	1944	12	356.6
USGS	11390000	00060	10385	1945	1	267.7
USGS	11390000	00060	10385	1945	2	1118
USGS	11390000	00060	10385	1945	3	517.7
USGS	11390000	00060	10385	1945	4	482.7
USGS	11390000	00060	10385	1945	5	448.6
USGS	11390000	00060	10385	1945	6	273.9
USGS	11390000	00060	10385	1945	7	158.5
USGS	11390000	00060	10385	1945	8	132.2
USGS	11390000	00060	10385	1945	9	120.8
USGS	11390000	00060	10385	1945	10	144
USGS	11390000	00060	10385	1945	11	275.8
USGS	11390000	00060	10385	1945	12	1169
USGS	11390000	00060	10385	1946	1	603.2
USGS	11390000	00060	10385	1946	2	371.9
USGS	11390000	00060	10385	1946	3	394.6
USGS	11390000	00060	10385	1946	4	409.2
USGS	11390000	00060	10385	1946	5	267
USGS	11390000	00060	10385	1946	6	185.5
USGS	11390000	00060	10385	1946	7	132
USGS	11390000	00060	10385	1946	8	113.2
USGS	11390000	00060	10385	1946	9	92.9
USGS	11390000	00060	10385	1946	10	100.7
USGS	11390000	00060	10385	1946	11	196.6
USGS	11390000	00060	10385	1946	12	241.2
USGS	11390000	00060	10385	1947	1	153.5
USGS	11390000	00060	10385	1947	2	428.9
USGS	11390000	00060	10385	1947	3	514.5
USGS	11390000	00060	10385	1947	4	494
USGS	11390000	00060	10385	1947	5	220.6
USGS	11390000	00060	10385	1947	6	181.6
USGS	11390000	00060	10385	1947	7	123.2
USGS	11390000	00060	10385	1947	8	96.4
USGS	11390000	00060	10385	1947	9	94.8
USGS	11390000	00060	10385	1947	10	186.3
USGS	11390000	00060	10385	1947	11	184.5
USGS	11390000	00060	10385	1947	12	136.6
USGS	11390000	00060	10385	1948	1	403.5
USGS	11390000	00060	10385	1948	2	199.2
USGS	11390000	00060	10385	1948	3	499
USGS	11390000	00060	10385	1948	4	1157
USGS	11390000	00060	10385	1948	5	854.4
USGS	11390000	00060	10385	1948	6	452.5
USGS	11390000	00060	10385	1948	7	199.9
USGS	11390000	00060	10385	1948	8	143.1
USGS	11390000	00060	10385	1948	9	137.7
USGS	11390000	00060	10385	1948	10	110.9
USGS	11390000	00060	10385	1948	11	149
USGS	11390000	00060	10385	1948	12	178.7
USGS	11390000	00060	10385	1949	1	110.5
USGS	11390000	00060	10385	1949	2	180.1
USGS	11390000	00060	10385	1949	3	696.6
USGS	11390000	00060	10385	1949	4	545.8
USGS	11390000	00060	10385	1949	5	349.6
USGS	11390000	00060	10385	1949	6	174.3
USGS	11390000	00060	10385	1949	7	112.1
USGS	11390000	00060	10385	1949	8	109.4
USGS	11390000	00060	10385	1949	9	86.1
USGS	11390000	00060	10385	1949	10	94.2
USGS	11390000	00060	10385	1949	11	117.7
USGS	11390000	00060	10385	1949	12	111.3
USGS	11390000	00060	10385	1950	1	296.6
USGS	11390000	00060	10385	1950	2	797.1
USGS	11390000	00060	10385	1950	3	514.6
USGS	11390000	00060	10385	1950	4	732.7
USGS	11390000	00060	10385	1950	5	488.1
USGS	11390000	00060	10385	1950	6	231.9
USGS	11390000	00060	10385	1950	7	125.8
USGS	11390000	00060	10385	1950	8	116.6
USGS	11390000	00060	10385	1950	9	115.7
USGS	11390000	00060	10385	1950	10	200.9
USGS	11390000	00060	10385	1950	11	569.7
USGS	11390000	00060	10385	1950	12	920
USGS	11390000	00060	10385	1951	1	797.8
USGS	11390000	00060	10385	1951	2	1039
USGS	11390000	00060	10385	1951	3	669.5
USGS	11390000	00060	10385	1951	4	498
USGS	11390000	00060	10385	1951	5	427.9
USGS	11390000	00060	10385	1951	6	214.9
USGS	11390000	00060	10385	1951	7	146
USGS	11390000	00060	10385	1951	8	120.3
USGS	11390000	00060	10385	1951	9	119.4
USGS	11390000	00060	10385	1951	10	134.3
USGS	11390000	00060	10385	1951	11	229.4
USGS	11390000	00060	10385	1951	12	870.2
USGS	11390000	00060	10385	1952	1	879.9
USGS	11390000	00060	10385	1952	2	1297
USGS	11390000	00060	10385	1952	3	883.2
USGS	11390000	00060	10385	1952	4	1162
USGS	11390000	00060	10385	1952	5	989.4
USGS	11390000	00060	10385	1952	6	383.3
USGS	11390000	00060	10385	1952	7	208.2
USGS	11390000	00060	10385	1952	8	148.4
USGS	11390000	00060	10385	1952	9	136.1
USGS	11390000	00060	10385	1952	10	123.5
USGS	11390000	00060	10385	1952	11	131.3
USGS	11390000	00060	10385	1952	12	471.1
USGS	11390000	00060	10385	1953	1	1507
USGS	11390000	00060	10385	1953	2	412.1
USGS	11390000	00060	10385	1953	3	538.4
USGS	11390000	00060	10385	1953	4	679.7
USGS	11390000	00060	10385	1953	5	633.5
USGS	11390000	00060	10385	1953	6	432.6
USGS	11390000	00060	10385	1953	7	208.2
USGS	11390000	00060	10385	1953	8	162
USGS	11390000	00060	10385	1953	9	151.4
USGS	11390000	00060	10385	1953	10	159.7
USGS	11390000	00060	10385	1953	11	222.2
USGS	11390000	00060	10385	1953	12	232.1
USGS	11390000	00060	10385	1954	1	560.7
USGS	11390000	00060	10385	1954	2	922.7
USGS	11390000	00060	10385	1954	3	846.4
USGS	11390000	00060	10385	1954	4	1257
USGS	11390000	00060	10385	1954	5	477.8
USGS	11390000	00060	10385	1954	6	258.9
USGS	11390000	00060	10385	1954	7	176.3
USGS	11390000	00060	10385	1954	8	157.2
USGS	11390000	00060	10385	1954	9	149.2
USGS	11390000	00060	10385	1954	10	134.6
USGS	11390000	00060	10385	1954	11	194
USGS	11390000	00060	10385	1954	12	307.2
USGS	11390000	00060	10385	1955	1	300.7
USGS	11390000	00060	10385	1955	2	256.4
USGS	11390000	00060	10385	1955	3	300.1
USGS	11390000	00060	10385	1955	4	448.7
USGS	11390000	00060	10385	1955	5	491.2
USGS	11390000	00060	10385	1955	6	236.3
USGS	11390000	00060	10385	1955	7	153.5
USGS	11390000	00060	10385	1955	8	129
USGS	11390000	00060	10385	1955	9	135.1
USGS	11390000	00060	10385	1955	10	113.6
USGS	11390000	00060	10385	1955	11	152.5
USGS	11390000	00060	10385	1955	12	2061
USGS	11390000	00060	10385	1956	1	1849
USGS	11390000	00060	10385	1956	2	1393
USGS	11390000	00060	10385	1956	3	691.7
USGS	11390000	00060	10385	1956	4	623.5
USGS	11390000	00060	10385	1956	5	673.1
USGS	11390000	00060	10385	1956	6	339.7
USGS	11390000	00060	10385	1956	7	189.1
USGS	11390000	00060	10385	1956	8	150.6
USGS	11390000	00060	10385	1956	9	152.5
USGS	11390000	00060	10385	1956	10	185.9
USGS	11390000	00060	10385	1956	11	152.6
USGS	11390000	00060	10385	1956	12	143
USGS	11390000	00060	10385	1957	1	181
USGS	11390000	00060	10385	1957	2	611.4
USGS	11390000	00060	10385	1957	3	687.9
USGS	11390000	00060	10385	1957	4	440.9
USGS	11390000	00060	10385	1957	5	668.4
USGS	11390000	00060	10385	1957	6	287.8
USGS	11390000	00060	10385	1957	7	171
USGS	11390000	00060	10385	1957	8	149.2
USGS	11390000	00060	10385	1957	9	151.7
USGS	11390000	00060	10385	1957	10	201.9
USGS	11390000	00060	10385	1957	11	243.6
USGS	11390000	00060	10385	1957	12	489.1
USGS	11390000	00060	10385	1958	1	691.8
USGS	11390000	00060	10385	1958	2	2130
USGS	11390000	00060	10385	1958	3	1329
USGS	11390000	00060	10385	1958	4	1336
USGS	11390000	00060	10385	1958	5	843.8
USGS	11390000	00060	10385	1958	6	477.4
USGS	11390000	00060	10385	1958	7	248
USGS	11390000	00060	10385	1958	8	183.3
USGS	11390000	00060	10385	1958	9	168.5
USGS	11390000	00060	10385	1958	10	162.9
USGS	11390000	00060	10385	1958	11	166.3
USGS	11390000	00060	10385	1958	12	153.3
USGS	11390000	00060	10385	1959	1	477.1
USGS	11390000	00060	10385	1959	2	758.4
USGS	11390000	00060	10385	1959	3	481.3
USGS	11390000	00060	10385	1959	4	432.2
USGS	11390000	00060	10385	1959	5	296
USGS	11390000	00060	10385	1959	6	184
USGS	11390000	00060	10385	1959	7	139.8
USGS	11390000	00060	10385	1959	8	125
USGS	11390000	00060	10385	1959	9	131.2
USGS	11390000	00060	10385	1959	10	107.5
USGS	11390000	00060	10385	1959	11	114.8
USGS	11390000	00060	10385	1959	12	122.5
USGS	11390000	00060	10385	1960	1	249.5
USGS	11390000	00060	10385	1960	2	688.2
USGS	11390000	00060	10385	1960	3	737.8
USGS	11390000	00060	10385	1960	4	437.9
USGS	11390000	00060	10385	1960	5	353.6
USGS	11390000	00060	10385	1960	6	204.3
USGS	11390000	00060	10385	1960	7	133.9
USGS	11390000	00060	10385	1960	8	117.9
USGS	11390000	00060	10385	1960	9	115.5
USGS	11390000	00060	10385	1960	10	115
USGS	11390000	00060	10385	1960	11	208.7
USGS	11390000	00060	10385	1960	12	304.5
USGS	11390000	00060	10385	1961	1	257.6
USGS	11390000	00060	10385	1961	2	595.5
USGS	11390000	00060	10385	1961	3	507.7
USGS	11390000	00060	10385	1961	4	452.2
USGS	11390000	00060	10385	1961	5	374
USGS	11390000	00060	10385	1961	6	236.3
USGS	11390000	00060	10385	1961	7	161.8
USGS	11390000	00060	10385	1961	8	114.8
USGS	11390000	00060	10385	1961	9	103
USGS	11390000	00060	10385	1961	10	70.2
USGS	11390000	00060	10385	1961	11	97.3
USGS	11390000	00060	10385	1961	12	221.5
USGS	11390000	00060	10385	1962	1	164.6
USGS	11390000	00060	10385	1962	2	1054
USGS	11390000	00060	10385	1962	3	551.5
USGS	11390000	00060	10385	1962	4	571.2
USGS	11390000	00060	10385	1962	5	415.6
USGS	11390000	00060	10385	1962	6	240.1
USGS	11390000	00060	10385	1962	7	150.5
USGS	11390000	00060	10385	1962	8	125.5
USGS	11390000	00060	10385	1962	9	117.8
USGS	11390000	00060	10385	1962	10	775.1
USGS	11390000	00060	10385	1962	11	223.3
USGS	11390000	00060	10385	1962	12	554.7
USGS	11390000	00060	10385	1963	1	565.5
USGS	11390000	00060	10385	1963	2	960
USGS	11390000	00060	10385	1963	3	575.6
USGS	11390000	00060	10385	1963	4	1422
USGS	11390000	00060	10385	1963	5	696.9
USGS	11390000	00060	10385	1963	6	311.8
USGS	11390000	00060	10385	1963	7	190.5
USGS	11390000	00060	10385	1963	8	157.3
USGS	11390000	00060	10385	1963	9	147.3
USGS	11390000	00060	10385	1963	10	152.3
USGS	11390000	00060	10385	1963	11	312.3
USGS	11390000	00060	10385	1963	12	175.9
USGS	11390000	00060	10385	1964	1	404.3
USGS	11390000	00060	10385	1964	2	306.3
USGS	11390000	00060	10385	1964	3	287.1
USGS	11390000	00060	10385	1964	4	411.6
USGS	11390000	00060	10385	1964	5	352.7
USGS	11390000	00060	10385	1964	6	240.4
USGS	11390000	00060	10385	1964	7	146.3
USGS	11390000	00060	10385	1964	8	117.9
USGS	11390000	00060	10385	1964	9	115.8
USGS	11390000	00060	10385	1964	10	121.9
USGS	11390000	00060	10385	1964	11	232.4
USGS	11390000	00060	10385	1964	12	1963
USGS	11390000	00060	10385	1965	1	1701
USGS	11390000	00060	10385	1965	2	601.4
USGS	11390000	00060	10385	1965	3	459.3
USGS	11390000	00060	10385	1965	4	969.1
USGS	11390000	00060	10385	1965	5	526.4
USGS	11390000	00060	10385	1965	6	297.5
USGS	11390000	00060	10385	1965	7	194.5
USGS	11390000	00060	10385	1965	8	167
USGS	11390000	00060	10385	1965	9	146.4
USGS	11390000	00060	10385	1965	10	126.4
USGS	11390000	00060	10385	1965	11	280.8
USGS	11390000	00060	10385	1965	12	223.7
USGS	11390000	00060	10385	1966	1	477.6
USGS	11390000	00060	10385	1966	2	417.5
USGS	11390000	00060	10385	1966	3	486.5
USGS	11390000	00060	10385	1966	4	671.5
USGS	11390000	00060	10385	1966	5	361.3
USGS	11390000	00060	10385	1966	6	192.3
USGS	11390000	00060	10385	1966	7	134.3
USGS	11390000	00060	10385	1966	8	116.9
USGS	11390000	00060	10385	1966	9	108.5
USGS	11390000	00060	10385	1966	10	108.6
USGS	11390000	00060	10385	1966	11	334.5
USGS	11390000	00060	10385	1966	12	626.6
USGS	11390000	00060	10385	1967	1	1082
USGS	11390000	00060	10385	1967	2	761.4
USGS	11390000	00060	10385	1967	3	929.2
USGS	11390000	00060	10385	1967	4	951.8
USGS	11390000	00060	10385	1967	5	1109
USGS	11390000	00060	10385	1967	6	563.5
USGS	11390000	00060	10385	1967	7	245.1
USGS	11390000	00060	10385	1967	8	175.5
USGS	11390000	00060	10385	1967	9	174.8
USGS	11390000	00060	10385	1967	10	144
USGS	11390000	00060	10385	1967	11	142.7
USGS	11390000	00060	10385	1967	12	213.9
USGS	11390000	00060	10385	1968	1	421.8
USGS	11390000	00060	10385	1968	2	895.3
USGS	11390000	00060	10385	1968	3	642.8
USGS	11390000	00060	10385	1968	4	453.2
USGS	11390000	00060	10385	1968	5	335.6
USGS	11390000	00060	10385	1968	6	210.3
USGS	11390000	00060	10385	1968	7	135.8
USGS	11390000	00060	10385	1968	8	132.8
USGS	11390000	00060	10385	1968	9	126.4
USGS	11390000	00060	10385	1968	10	142.2
USGS	11390000	00060	10385	1968	11	195.3
USGS	11390000	00060	10385	1968	12	481.9
USGS	11390000	00060	10385	1969	1	2081
USGS	11390000	00060	10385	1969	2	1464
USGS	11390000	00060	10385	1969	3	683.7
USGS	11390000	00060	10385	1969	4	960.4
USGS	11390000	00060	10385	1969	5	919.6
USGS	11390000	00060	10385	1969	6	390.7
USGS	11390000	00060	10385	1969	7	209
USGS	11390000	00060	10385	1969	8	169.6
USGS	11390000	00060	10385	1969	9	161.9
USGS	11390000	00060	10385	1969	10	153.4
USGS	11390000	00060	10385	1969	11	154.8
USGS	11390000	00060	10385	1969	12	770.3
USGS	11390000	00060	10385	1970	1	2711
USGS	11390000	00060	10385	1970	2	850.6
USGS	11390000	00060	10385	1970	3	813.6
USGS	11390000	00060	10385	1970	4	383
USGS	11390000	00060	10385	1970	5	314.3
USGS	11390000	00060	10385	1970	6	236.6
USGS	11390000	00060	10385	1970	7	150.4
USGS	11390000	00060	10385	1970	8	129.8
USGS	11390000	00060	10385	1970	9	132.4
USGS	11390000	00060	10385	1970	10	124.6
USGS	11390000	00060	10385	1970	11	371
USGS	11390000	00060	10385	1970	12	665.7
USGS	11390000	00060	10385	1971	1	586
USGS	11390000	00060	10385	1971	2	451.9
USGS	11390000	00060	10385	1971	3	923.5
USGS	11390000	00060	10385	1971	4	716.9
USGS	11390000	00060	10385	1971	5	597.9
USGS	11390000	00060	10385	1971	6	375.8
USGS	11390000	00060	10385	1971	7	221
USGS	11390000	00060	10385	1971	8	174.9
USGS	11390000	00060	10385	1971	9	147.6
USGS	11390000	00060	10385	1971	10	124.5
USGS	11390000	00060	10385	1971	11	146.1
USGS	11390000	00060	10385	1971	12	229.6
USGS	11390000	00060	10385	1972	1	273.8
USGS	11390000	00060	10385	1972	2	422.4
USGS	11390000	00060	10385	1972	3	550.8
USGS	11390000	00060	10385	1972	4	539.2
USGS	11390000	00060	10385	1972	5	330.8
USGS	11390000	00060	10385	1972	6	206.9
USGS	11390000	00060	10385	1972	7	139.6
USGS	11390000	00060	10385	1972	8	122.1
USGS	11390000	00060	10385	1972	9	119.2
USGS	11390000	00060	10385	1972	10	138.9
USGS	11390000	00060	10385	1972	11	269.9
USGS	11390000	00060	10385	1972	12	314.4
USGS	11390000	00060	10385	1973	1	1057
USGS	11390000	00060	10385	1973	2	1152
USGS	11390000	00060	10385	1973	3	902.4
USGS	11390000	00060	10385	1973	4	622.8
USGS	11390000	00060	10385	1973	5	572
USGS	11390000	00060	10385	1973	6	302.6
USGS	11390000	00060	10385	1973	7	185.5
USGS	11390000	00060	10385	1973	8	138.8
USGS	11390000	00060	10385	1973	9	129.7
USGS	11390000	00060	10385	1973	10	141
USGS	11390000	00060	10385	1973	11	1269
USGS	11390000	00060	10385	1973	12	1063
USGS	11390000	00060	10385	1974	1	1835
USGS	11390000	00060	10385	1974	2	685.6
USGS	11390000	00060	10385	1974	3	1913
USGS	11390000	00060	10385	1974	4	1169
USGS	11390000	00060	10385	1974	5	566.1
USGS	11390000	00060	10385	1974	6	368.3
USGS	11390000	00060	10385	1974	7	251.3
USGS	11390000	00060	10385	1974	8	186.6
USGS	11390000	00060	10385	1974	9	161.1
USGS	11390000	00060	10385	1974	10	145.4
USGS	11390000	00060	10385	1974	11	163
USGS	11390000	00060	10385	1974	12	223
USGS	11390000	00060	10385	1975	1	233.4
USGS	11390000	00060	10385	1975	2	832.9
USGS	11390000	00060	10385	1975	3	1203
USGS	11390000	00060	10385	1975	4	687.4
USGS	11390000	00060	10385	1975	5	797.4
USGS	11390000	00060	10385	1975	6	468.7
USGS	11390000	00060	10385	1975	7	269.4
USGS	11390000	00060	10385	1975	8	223.4
USGS	11390000	00060	10385	1975	9	148.7
USGS	11390000	00060	10385	1975	10	167.5
USGS	11390000	00060	10385	1975	11	189.8
USGS	11390000	00060	10385	1975	12	190.1
USGS	11390000	00060	10385	1976	1	153.2
USGS	11390000	00060	10385	1976	2	212.4
USGS	11390000	00060	10385	1976	3	304.2
USGS	11390000	00060	10385	1976	4	301
USGS	11390000	00060	10385	1976	5	216.6
USGS	11390000	00060	10385	1976	6	136.5
USGS	11390000	00060	10385	1976	7	102.6
USGS	11390000	00060	10385	1976	8	113.8
USGS	11390000	00060	10385	1976	9	101.8
USGS	11390000	00060	10385	1976	10	84.9
USGS	11390000	00060	10385	1976	11	94.3
USGS	11390000	00060	10385	1976	12	96.7
USGS	11390000	00060	10385	1977	1	115.8
USGS	11390000	00060	10385	1977	2	114.3
USGS	11390000	00060	10385	1977	3	123.2
USGS	11390000	00060	10385	1977	4	114.2
USGS	11390000	00060	10385	1977	5	134
USGS	11390000	00060	10385	1977	6	79.4
USGS	11390000	00060	10385	1977	7	54.4
USGS	11390000	00060	10385	1977	8	50.5
USGS	11390000	00060	10385	1977	9	67.8
USGS	11390000	00060	10385	1977	10	87.8
USGS	11390000	00060	10385	1977	11	135.3
USGS	11390000	00060	10385	1977	12	308
USGS	11390000	00060	10385	1978	1	1342
USGS	11390000	00060	10385	1978	2	919.2
USGS	11390000	00060	10385	1978	3	1359
USGS	11390000	00060	10385	1978	4	970
USGS	11390000	00060	10385	1978	5	647.8
USGS	11390000	00060	10385	1978	6	395
USGS	11390000	00060	10385	1978	7	217.5
USGS	11390000	00060	10385	1978	8	161.1
USGS	11390000	00060	10385	1978	9	112.9
USGS	11390000	00060	10385	1978	10	115.5
USGS	11390000	00060	10385	1978	11	126
USGS	11390000	00060	10385	1978	12	118.3
USGS	11390000	00060	10385	1979	1	262
USGS	11390000	00060	10385	1979	2	550
USGS	11390000	00060	10385	1979	3	621.1
USGS	11390000	00060	10385	1979	4	544.7
USGS	11390000	00060	10385	1979	5	566.2
USGS	11390000	00060	10385	1979	6	245.2
USGS	11390000	00060	10385	1979	7	152.4
USGS	11390000	00060	10385	1979	8	159.5
USGS	11390000	00060	10385	1979	9	109
USGS	11390000	00060	10385	1979	10	146.5
USGS	11390000	00060	10385	1979	11	203.4
USGS	11390000	00060	10385	1979	12	313.7
USGS	11390000	00060	10385	1980	1	1486
USGS	11390000	00060	10385	1980	2	1647
USGS	11390000	00060	10385	1980	3	798.1
USGS	11390000	00060	10385	1980	4	542.4
USGS	11390000	00060	10385	1980	5	474
USGS	11390000	00060	10385	1980	6	297.2
USGS	11390000	00060	10385	1980	7	188.8
USGS	11390000	00060	10385	1980	8	163.8
USGS	11390000	00060	10385	1980	9	113
USGS	11390000	00060	10385	1980	10	117.7
USGS	11390000	00060	10385	1980	11	135.5
USGS	11390000	00060	10385	1980	12	267.8
USGS	11390000	00060	10385	1981	1	333.9
USGS	11390000	00060	10385	1981	2	435
USGS	11390000	00060	10385	1981	3	540.5
USGS	11390000	00060	10385	1981	4	410.9
USGS	11390000	00060	10385	1981	5	297
USGS	11390000	00060	10385	1981	6	182.9
USGS	11390000	00060	10385	1981	7	147.5
USGS	11390000	00060	10385	1981	8	108.3
USGS	11390000	00060	10385	1981	9	70.5
USGS	11390000	00060	10385	1981	10	140.3
USGS	11390000	00060	10385	1981	11	1094
USGS	11390000	00060	10385	1981	12	1235
USGS	11390000	00060	10385	1982	1	864.4
USGS	11390000	00060	10385	1982	2	1160
USGS	11390000	00060	10385	1982	3	992.8
USGS	11390000	00060	10385	1982	4	1848
USGS	11390000	00060	10385	1982	5	727.6
USGS	11390000	00060	10385	1982	6	354.6
USGS	11390000	00060	10385	1982	7	236.2
USGS	11390000	00060	10385	1982	8	175
USGS	11390000	00060	10385	1982	9	147.9
USGS	11390000	00060	10385	1982	10	197.5
USGS	11390000	00060	10385	1982	11	399.1
USGS	11390000	00060	10385	1982	12	738.1
USGS	11390000	00060	10385	1983	1	984.6
USGS	11390000	00060	10385	1983	2	1837
USGS	11390000	00060	10385	1983	3	2517
USGS	11390000	00060	10385	1983	4	988.3
USGS	11390000	00060	10385	1983	5	912.2
USGS	11390000	00060	10385	1983	6	666.7
USGS	11390000	00060	10385	1983	7	320.5
USGS	11390000	00060	10385	1983	8	221.4
USGS	11390000	00060	10385	1983	9	167.4
USGS	11390000	00060	10385	1983	10	172.4
USGS	11390000	00060	10385	1983	11	613.1
USGS	11390000	00060	10385	1983	12	1586
USGS	11390000	00060	10385	1984	1	688.8
USGS	11390000	00060	10385	1984	2	567.9
USGS	11390000	00060	10385	1984	3	688.4
USGS	11390000	00060	10385	1984	4	472.1
USGS	11390000	00060	10385	1984	5	378.7
USGS	11390000	00060	10385	1984	6	266.5
USGS	11390000	00060	10385	1984	7	189.4
USGS	11390000	00060	10385	1984	8	161.7
USGS	11390000	00060	10385	1984	9	124.7
USGS	11390000	00060	10385	1984	10	137.7
USGS	11390000	00060	10385	1984	11	401.8
USGS	11390000	00060	10385	1984	12	278.3
USGS	11390000	00060	10385	1985	1	185.8
USGS	11390000	00060	10385	1985	2	346.8
USGS	11390000	00060	10385	1985	3	330.5
USGS	11390000	00060	10385	1985	4	430.7
USGS	11390000	00060	10385	1985	5	282.9
USGS	11390000	00060	10385	1985	6	162.6
USGS	11390000	00060	10385	1985	7	140.9
USGS	11390000	00060	10385	1985	8	128
USGS	11390000	00060	10385	1985	9	103.2
USGS	11390000	00060	10385	1985	10	112
USGS	11390000	00060	10385	1985	11	163.1
USGS	11390000	00060	10385	1985	12	238.4
USGS	11390000	00060	10385	1986	1	560.1
USGS	11390000	00060	10385	1986	2	2925
USGS	11390000	00060	10385	1986	3	1365
USGS	11390000	00060	10385	1986	4	590
USGS	11390000	00060	10385	1986	5	465
USGS	11390000	00060	10385	1986	6	243.4
USGS	11390000	00060	10385	1986	7	141.1
USGS	11390000	00060	10385	1986	8	107
USGS	11390000	00060	10385	1986	9	169.2
USGS	11390000	00060	10385	1986	10	152.7
USGS	11390000	00060	10385	1986	11	134.2
USGS	11390000	00060	10385	1986	12	130.2
USGS	11390000	00060	10385	1987	1	195.7
USGS	11390000	00060	10385	1987	2	393.5
USGS	11390000	00060	10385	1987	3	780.9
USGS	11390000	00060	10385	1987	4	360.8
USGS	11390000	00060	10385	1987	5	237.3
USGS	11390000	00060	10385	1987	6	130.5
USGS	11390000	00060	10385	1987	7	115.9
USGS	11390000	00060	10385	1987	8	106
USGS	11390000	00060	10385	1987	9	71.7
USGS	11390000	00060	10385	1987	10	79.2
USGS	11390000	00060	10385	1987	11	114.7
USGS	11390000	00060	10385	1987	12	449.1
USGS	11390000	00060	10385	1988	1	500.5
USGS	11390000	00060	10385	1988	2	302.3
USGS	11390000	00060	10385	1988	3	312.2
USGS	11390000	00060	10385	1988	4	318.4
USGS	11390000	00060	10385	1988	5	289.4
USGS	11390000	00060	10385	1988	6	196.9
USGS	11390000	00060	10385	1988	7	122.4
USGS	11390000	00060	10385	1988	8	105.4
USGS	11390000	00060	10385	1988	9	58.4
USGS	11390000	00060	10385	1988	10	74
USGS	11390000	00060	10385	1988	11	201.4
USGS	11390000	00060	10385	1988	12	168.3
USGS	11390000	00060	10385	1989	1	197.2
USGS	11390000	00060	10385	1989	2	206.6
USGS	11390000	00060	10385	1989	3	1267
USGS	11390000	00060	10385	1989	4	584.2
USGS	11390000	00060	10385	1989	5	303.5
USGS	11390000	00060	10385	1989	6	169.6
USGS	11390000	00060	10385	1989	7	129.4
USGS	11390000	00060	10385	1989	8	114.6
USGS	11390000	00060	10385	1989	9	81.6
USGS	11390000	00060	10385	1989	10	167
USGS	11390000	00060	10385	1989	11	163.4
USGS	11390000	00060	10385	1989	12	128.8
USGS	11390000	00060	10385	1990	1	309.9
USGS	11390000	00060	10385	1990	2	251.7
USGS	11390000	00060	10385	1990	3	402.7
USGS	11390000	00060	10385	1990	4	278.5
USGS	11390000	00060	10385	1990	5	250
USGS	11390000	00060	10385	1990	6	244.4
USGS	11390000	00060	10385	1990	7	143.6
USGS	11390000	00060	10385	1990	8	102.5
USGS	11390000	00060	10385	1990	9	68.5
USGS	11390000	00060	10385	1990	10	75.8
USGS	11390000	00060	10385	1990	11	95.7
USGS	11390000	00060	10385	1990	12	89.5
USGS	11390000	00060	10385	1991	1	91
USGS	11390000	00060	10385	1991	2	119.4
USGS	11390000	00060	10385	1991	3	712.2
USGS	11390000	00060	10385	1991	4	500.1
USGS	11390000	00060	10385	1991	5	358.1
USGS	11390000	00060	10385	1991	6	189.2
USGS	11390000	00060	10385	1991	7	123.8
USGS	11390000	00060	10385	1991	8	79.1
USGS	11390000	00060	10385	1991	9	87.1
USGS	11390000	00060	10385	1991	10	65.8
USGS	11390000	00060	10385	1991	11	77.8
USGS	11390000	00060	10385	1991	12	106.4
USGS	11390000	00060	10385	1992	1	145.7
USGS	11390000	00060	10385	1992	2	647.2
USGS	11390000	00060	10385	1992	3	505.8
USGS	11390000	00060	10385	1992	4	404
USGS	11390000	00060	10385	1992	5	246.2
USGS	11390000	00060	10385	1992	6	139.4
USGS	11390000	00060	10385	1992	7	126
USGS	11390000	00060	10385	1992	8	85.4
USGS	11390000	00060	10385	1992	9	51.9
USGS	11390000	00060	10385	1992	10	114
USGS	11390000	00060	10385	1992	11	101.8
USGS	11390000	00060	10385	1992	12	265.2
USGS	11390000	00060	10385	1993	1	1013
USGS	11390000	00060	10385	1993	2	1060
USGS	11390000	00060	10385	1993	3	1065
USGS	11390000	00060	10385	1993	4	829.6
USGS	11390000	00060	10385	1993	5	640.4
USGS	11390000	00060	10385	1993	6	482.7
USGS	11390000	00060	10385	1993	7	212.5
USGS	11390000	00060	10385	1993	8	159
USGS	11390000	00060	10385	1993	9	120.9
USGS	11390000	00060	10385	1993	10	124.3
USGS	11390000	00060	10385	1993	11	123.6
USGS	11390000	00060	10385	1993	12	242.1
USGS	11390000	00060	10385	1994	1	206.6
USGS	11390000	00060	10385	1994	2	401.4
USGS	11390000	00060	10385	1994	3	357.6
USGS	11390000	00060	10385	1994	4	309.6
USGS	11390000	00060	10385	1994	5	294.3
USGS	11390000	00060	10385	1994	6	161
USGS	11390000	00060	10385	1994	7	118.7
USGS	11390000	00060	10385	1994	8	79
USGS	11390000	00060	10385	1994	9	81.4
USGS	11390000	00060	10385	1994	10	79.6
USGS	11390000	00060	10385	1994	11	116.2
USGS	11390000	00060	10385	1994	12	231.7
USGS	11390000	00060	10385	1995	1	2198
USGS	11390000	00060	10385	1995	2	751.2
USGS	11390000	00060	10385	1995	3	2601
USGS	11390000	00060	10385	1995	4	1510
USGS	11390000	00060	10385	1995	5	1314
USGS	11390000	00060	10385	1995	6	612
USGS	11390000	00060	10385	1995	7	265.1
USGS	11390000	00060	10385	1995	8	176
USGS	11390000	00060	10385	1995	9	114
USGS	11390000	00060	10385	1995	10	126.4
USGS	11390000	00060	10385	1995	11	113.5
USGS	11390000	00060	10385	1995	12	366.7
USGS	11390000	00060	10385	1996	1	477.6
USGS	11390000	00060	10385	1996	2	1446
USGS	11390000	00060	10385	1996	3	922.6
USGS	11390000	00060	10385	1996	4	747.4
USGS	11390000	00060	10385	1996	5	794.8
USGS	11390000	00060	10385	1996	6	350.3
USGS	11390000	00060	10385	1996	7	172.8
USGS	11390000	00060	10385	1996	8	118.9
USGS	11390000	00060	10385	1996	9	162.6
USGS	11390000	00060	10385	1996	10	134.8
USGS	11390000	00060	10385	1996	11	215.6
USGS	11390000	00060	10385	1996	12	1809
USGS	11390000	00060	10385	1997	1	2847
USGS	11390000	00060	10385	1997	2	637.6
USGS	11390000	00060	10385	1997	3	317.5
USGS	11390000	00060	10385	1997	4	284.9
USGS	11390000	00060	10385	1997	5	207.9
USGS	11390000	00060	10385	1997	6	178.2
USGS	11390000	00060	10385	1997	7	158.9
USGS	11390000	00060	10385	1997	8	148.7
USGS	11390000	00060	10385	1997	9	120.6
USGS	11390000	00060	10385	1997	10	142.5
USGS	11390000	00060	10385	1997	11	263.8
USGS	11390000	00060	10385	1997	12	339.1
USGS	11390000	00060	10385	1998	1	1385
USGS	11390000	00060	10385	1998	2	2266
USGS	11390000	00060	10385	1998	3	996.9
USGS	11390000	00060	10385	1998	4	888.1
USGS	11390000	00060	10385	1998	5	1094
USGS	11390000	00060	10385	1998	6	773
USGS	11390000	00060	10385	1998	7	355.6
USGS	11390000	00060	10385	1998	8	210.7
USGS	11390000	00060	10385	1998	9	182.6
USGS	11390000	00060	10385	1998	10	186.1
USGS	11390000	00060	10385	1998	11	367
USGS	11390000	00060	10385	1998	12	475.3
USGS	11390000	00060	10385	1999	1	538.2
USGS	11390000	00060	10385	1999	2	1351
USGS	11390000	00060	10385	1999	3	928.4
USGS	11390000	00060	10385	1999	4	652.8
USGS	11390000	00060	10385	1999	5	457.5
USGS	11390000	00060	10385	1999	6	331.3
USGS	11390000	00060	10385	1999	7	197.5
USGS	11390000	00060	10385	1999	8	177.9
USGS	11390000	00060	10385	1999	9	149.6
USGS	11390000	00060	10385	1999	10	130.5
USGS	11390000	00060	10385	1999	11	202.6
USGS	11390000	00060	10385	1999	12	187.4
USGS	11390000	00060	10385	2000	1	435.1
USGS	11390000	00060	10385	2000	2	1454
USGS	11390000	00060	10385	2000	3	1105
USGS	11390000	00060	10385	2000	4	636.1
USGS	11390000	00060	10385	2000	5	387.4
USGS	11390000	00060	10385	2000	6	265.7
USGS	11390000	00060	10385	2000	7	168.3
USGS	11390000	00060	10385	2000	8	155.9
USGS	11390000	00060	10385	2000	9	147.7
USGS	11390000	00060	10385	2000	10	148.9
USGS	11390000	00060	10385	2000	11	126.3
USGS	11390000	00060	10385	2000	12	138.6
USGS	11390000	00060	10385	2001	1	174.9
USGS	11390000	00060	10385	2001	2	424.2
USGS	11390000	00060	10385	2001	3	548.2
USGS	11390000	00060	10385	2001	4	391.8
USGS	11390000	00060	10385	2001	5	295.5
USGS	11390000	00060	10385	2001	6	191.6
USGS	11390000	00060	10385	2001	7	133.7
USGS	11390000	00060	10385	2001	8	115.5
USGS	11390000	00060	10385	2001	9	103.1
USGS	11390000	00060	10385	2001	10	94.7
USGS	11390000	00060	10385	2001	11	226.1
USGS	11390000	00060	10385	2001	12	584.3
USGS	11390000	00060	10385	2002	1	671.1
USGS	11390000	00060	10385	2002	2	428.4
USGS	11390000	00060	10385	2002	3	527.7
USGS	11390000	00060	10385	2002	4	439.4
USGS	11390000	00060	10385	2002	5	267.8
USGS	11390000	00060	10385	2002	6	195.4
USGS	11390000	00060	10385	2002	7	125.2
USGS	11390000	00060	10385	2002	8	117.8
USGS	11390000	00060	10385	2002	9	100.3
USGS	11390000	00060	10385	2002	10	82.9
USGS	11390000	00060	10385	2002	11	137.3
USGS	11390000	00060	10385	2002	12	980.6
USGS	11390000	00060	10385	2003	1	1091
USGS	11390000	00060	10385	2003	2	559.3
USGS	11390000	00060	10385	2003	3	712.2
USGS	11390000	00060	10385	2003	4	1124
USGS	11390000	00060	10385	2003	5	960.9
USGS	11390000	00060	10385	2003	6	393.5
USGS	11390000	00060	10385	2003	7	179.5
USGS	11390000	00060	10385	2003	8	154.7
USGS	11390000	00060	10385	2003	9	128.5
USGS	11390000	00060	10385	2003	10	101
USGS	11390000	00060	10385	2003	11	134.5
USGS	11390000	00060	10385	2003	12	534.6
USGS	11390000	00060	10385	2004	1	508
USGS	11390000	00060	10385	2004	2	1363
USGS	11390000	00060	10385	2004	3	688.5
USGS	11390000	00060	10385	2004	4	476.1
USGS	11390000	00060	10385	2004	5	415.5
USGS	11390000	00060	10385	2004	6	263.3
USGS	11390000	00060	10385	2004	7	162.1
USGS	11390000	00060	10385	2004	8	146.7
USGS	11390000	00060	10385	2004	9	114.2
USGS	11390000	00060	10385	2004	10	144.3
USGS	11390000	00060	10385	2004	11	136.9
USGS	11390000	00060	10385	2004	12	318.4
USGS	11390000	00060	10385	2005	1	455.5
USGS	11390000	00060	10385	2005	2	412.9
USGS	11390000	00060	10385	2005	3	694.5
USGS	11390000	00060	10385	2005	4	590.1
USGS	11390000	00060	10385	2005	5	860.5
USGS	11390000	00060	10385	2005	6	408.5
USGS	11390000	00060	10385	2005	7	235.2
USGS	11390000	00060	10385	2005	8	193.7
USGS	11390000	00060	10385	2005	9	126.4
USGS	11390000	00060	10385	2005	10	116
USGS	11390000	00060	10385	2005	11	195.8
USGS	11390000	00060	10385	2005	12	1666
USGS	11390000	00060	10385	2006	1	1345
USGS	11390000	00060	10385	2006	2	1040
USGS	11390000	00060	10385	2006	3	1626
USGS	11390000	00060	10385	2006	4	2231
USGS	11390000	00060	10385	2006	5	877
USGS	11390000	00060	10385	2006	6	402.1
USGS	11390000	00060	10385	2006	7	234.5
USGS	11390000	00060	10385	2006	8	199.8
USGS	11390000	00060	10385	2006	9	146.1
USGS	11390000	00060	10385	2006	10	135.7
USGS	11390000	00060	10385	2006	11	182
USGS	11390000	00060	10385	2006	12	314
USGS	11390000	00060	10385	2007	1	199.1
USGS	11390000	00060	10385	2007	2	569.8
USGS	11390000	00060	10385	2007	3	377.2
USGS	11390000	00060	10385	2007	4	293.3
USGS	11390000	00060	10385	2007	5	207
USGS	11390000	00060	10385	2007	6	169.5
USGS	11390000	00060	10385	2007	7	139.7
USGS	11390000	00060	10385	2007	8	116.1
USGS	11390000	00060	10385	2007	9	107.2
USGS	11390000	00060	10385	2007	10	110
USGS	11390000	00060	10385	2007	11	98.8
USGS	11390000	00060	10385	2007	12	153.6
USGS	11390000	00060	10385	2008	1	351.7
USGS	11390000	00060	10385	2008	2	381.4
USGS	11390000	00060	10385	2008	3	306.1
USGS	11390000	00060	10385	2008	4	294.1
USGS	11390000	00060	10385	2008	5	269
USGS	11390000	00060	10385	2008	6	165.2
USGS	11390000	00060	10385	2008	7	106.4
USGS	11390000	00060	10385	2008	8	98.1
USGS	11390000	00060	10385	2008	9	77.3
USGS	11390000	00060	10385	2008	10	88.8
USGS	11390000	00060	10385	2008	11	137.7
USGS	11390000	00060	10385	2008	12	127.2
USGS	11390000	00060	10385	2009	1	161.9
USGS	11390000	00060	10385	2009	2	779
USGS	11390000	00060	10385	2009	3	815.4
USGS	11390000	00060	10385	2009	4	345.6
USGS	11390000	00060	10385	2009	5	434.9
USGS	11390000	00060	10385	2009	6	207.2
USGS	11390000	00060	10385	2009	7	127.6
USGS	11390000	00060	10385	2009	8	112.3
USGS	11390000	00060	10385	2009	9	93.5
USGS	11390000	00060	10385	2009	10	104.6
USGS	11390000	00060	10385	2009	11	104.7
USGS	11390000	00060	10385	2009	12	167.2
USGS	11390000	00060	10385	2010	1	604.1
USGS	11390000	00060	10385	2010	2	655.9
USGS	11390000	00060	10385	2010	3	529.8
USGS	11390000	00060	10385	2010	4	728.2
USGS	11390000	00060	10385	2010	5	554.7
USGS	11390000	00060	10385	2010	6	439.6
USGS	11390000	00060	10385	2010	7	215.8
USGS	11390000	00060	10385	2010	8	147
USGS	11390000	00060	10385	2010	9	128.7
USGS	11390000	00060	10385	2010	10	127.7
USGS	11390000	00060	10385	2010	11	158.8
USGS	11390000	00060	10385	2010	12	778
USGS	11390000	00060	10385	2011	1	406.5
USGS	11390000	00060	10385	2011	2	588.4
USGS	11390000	00060	10385	2011	3	1423
USGS	11390000	00060	10385	2011	4	1042
USGS	11390000	00060	10385	2011	5	808.5
USGS	11390000	00060	10385	2011	6	687.3
USGS	11390000	00060	10385	2011	7	346.4
USGS	11390000	00060	10385	2011	8	220.2
USGS	11390000	00060	10385	2011	9	153.4
USGS	11390000	00060	10385	2011	10	134.8
USGS	11390000	00060	10385	2011	11	139.5
USGS	11390000	00060	10385	2011	12	124.5
USGS	11390000	00060	10385	2012	1	204.1
USGS	11390000	00060	10385	2012	2	165.5
USGS	11390000	00060	10385	2012	3	744.8
USGS	11390000	00060	10385	2012	4	654
USGS	11390000	00060	10385	2012	5	385.3
USGS	11390000	00060	10385	2012	6	221.9
USGS	11390000	00060	10385	2012	7	134.1
USGS	11390000	00060	10385	2012	8	114.3
USGS	11390000	00060	10385	2012	9	96.1
USGS	11390000	00060	10385	2012	10	97
USGS	11390000	00060	10385	2012	11	286.4
USGS	11390000	00060	10385	2012	12	1143
USGS	11390000	00060	10385	2013	1	380.9
USGS	11390000	00060	10385	2013	2	325.5
USGS	11390000	00060	10385	2013	3	404.1
USGS	11390000	00060	10385	2013	4	316.4
USGS	11390000	00060	10385	2013	5	177.5
USGS	11390000	00060	10385	2013	6	145.2
USGS	11390000	00060	10385	2013	7	117.3
USGS	11390000	00060	10385	2013	8	113.9
USGS	11390000	00060	10385	2013	9	102.9
USGS	11390000	00060	10385	2013	10	90
USGS	11390000	00060	10385	2013	11	102.3
USGS	11390000	00060	10385	2013	12	102.7
USGS	11390000	00060	10385	2014	1	96.9
USGS	11390000	00060	10385	2014	2	254
USGS	11390000	00060	10385	2014	3	505.5
USGS	11390000	00060	10385	2014	4	297.4
USGS	11390000	00060	10385	2014	5	129.5
USGS	11390000	00060	10385	2014	6	94.3
USGS	11390000	00060	10385	2014	7	91.1
USGS	11390000	00060	10385	2014	8	95.5
USGS	11390000	00060	10385	2014	9	75
USGS	11390000	00060	10385	2014	10	78.6
USGS	11390000	00060	10385	2014	11	101.5
USGS	11390000	00060	10385	2014	12	619.4
USGS	11390000	00060	10385	2015	1	153.4
USGS	11390000	00060	10385	2015	2	412.4
USGS	11390000	00060	10385	2015	3	197
USGS	11390000	00060	10385	2015	4	123.7
USGS	11390000	00060	10385	2015	5	90.8
USGS	11390000	00060	10385	2015	6	76
USGS	11390000	00060	10385	2015	7	87.6
USGS	11390000	00060	10385	2015	8	84.1
USGS	11390000	00060	10385	2015	9	70.5
USGS	11390000	00060	10385	2015	10	68.8
USGS	11390000	00060	10385	2015	11	87.9
USGS	11390000	00060	10385	2015	12	244.2
USGS	11390000	00060	10385	2016	1	749.4
USGS	11390000	00060	10385	2016	2	442.2
USGS	11390000	00060	10385	2016	3	1463
USGS	11390000	00060	10385	2016	4	384.2
USGS	11390000	00060	10385	2016	5	221.8
USGS	11390000	00060	10385	2016	6	203.2
USGS	11390000	00060	10385	2016	7	140.7
USGS	11390000	00060	10385	2016	8	103.7
USGS	11390000	00060	10385	2016	9	77.9
USGS	11390000	00060	10385	2016	10	192.3
USGS	11390000	00060	10385	2016	11	272.4
USGS	11390000	00060	10385	2016	12	1182
USGS	11390000	00060	10385	2017	1	2013
USGS	11390000	00060	10385	2017	2	2786
USGS	11390000	00060	10385	2017	3	915.3
USGS	11390000	00060	10385	2017	4	1068
USGS	11390000	00060	10385	2017	5	586.3
USGS	11390000	00060	10385	2017	6	254.8
USGS	11390000	00060	10385	2017	7	210.2
USGS	11390000	00060	10385	2017	8	159.6
USGS	11390000	00060	10385	2017	9	133.5
USGS	11390000	00060	10385	2017	10	126.4
USGS	11390000	00060	10385	2017	11	272.5
USGS	11390000	00060	10385	2017	12	191
USGS	11390000	00060	10385	2018	1	318.5
USGS	11390000	00060	10385	2018	2	243.1
USGS	11390000	00060	10385	2018	3	818.1
USGS	11390000	00060	10385	2018	4	767.2
USGS	11390000	00060	10385	2018	5	301.7
USGS	11390000	00060	10385	2018	6	192.1
USGS	11390000	00060	10385	2018	7	160.3
USGS	11390000	00060	10385	2018	8	122.1
USGS	11390000	00060	10385	2018	9	94.6
USGS	11390000	00060	10385	2018	10	97.4
USGS	11390000	00060	10385	2018	11	141.9
USGS	11390000	00060	10385	2018	12	229.7
USGS	11390000	00060	10385	2019	1	734.5
USGS	11390000	00060	10385	2019	2	1465
USGS	11390000	00060	10385	2019	3	1357
USGS	11390000	00060	10385	2019	4	1002
USGS	11390000	00060	10385	2019	5	793.9
USGS	11390000	00060	10385	2019	6	503.4
USGS	11390000	00060	10385	2019	7	256.7
USGS	11390000	00060	10385	2019	8	191.8
USGS	11390000	00060	10385	2019	9	146.2
USGS	11390000	00060	10385	2019	10	132.7
USGS	11390000	00060	10385	2019	11	124
USGS	11390000	00060	10385	2019	12	280.3
USGS	11390000	00060	10385	2020	1	286.2
USGS	11390000	00060	10385	2020	2	210.5
USGS	11390000	00060	10385	2020	3	178.6
USGS	11390000	00060	10385	2020	4	254.5
USGS	11390000	00060	10385	2020	5	232.3
USGS	11390000	00060	10385	2020	6	154.3
USGS	11390000	00060	10385	2020	7	132.3
USGS	11390000	00060	10385	2020	8	111.9
USGS	11390000	00060	10385	2020	9	82.4
USGS	11390000	00060	10385	2020	10	69.7
USGS	11390000	00060	10385	2020	11	99
USGS	11390000	00060	10385	2020	12	110.4
USGS	11390000	00060	10385	2021	1	138.4
USGS	11390000	00060	10385	2021	2	234.5
USGS	11390000	00060	10385	2021	3	222.1
USGS	11390000	00060	10385	2021	4	139.4
USGS	11390000	00060	10385	2021	5	133.8
USGS	11390000	00060	10385	2021	6	106.5
USGS	11390000	00060	10385	2021	7	92
USGS	11390000	00060	10385	2021	8	89.3
USGS	11390000	00060	10385	2021	9	71.9
USGS	11390000	00060	10385	2021	10	236.1
USGS	11390000	00060	10385	2021	11	183.9
USGS	11390000	00060	10385	2021	12	532.7
USGS	11390000	00060	10385	2022	1	416.7
USGS	11390000	00060	10385	2022	2	277
USGS	11390000	00060	10385	2022	3	276.4

