agency_cd	site_no	parameter_cd	ts_id	year_nu	month_nu	mean_va
USGS	11406900	00060	217956	1968	5	8.66
USGS	11406900	00060	217956	1968	6	9.49
USGS	11406900	00060	217956	1968	7	11
USGS	11406900	00060	217956	1968	8	8.36
USGS	11406900	00060	217956	1968	9	0.9
USGS	11406900	00060	217956	1968	10	0
USGS	11406900	00060	217956	1968	11	0
USGS	11406900	00060	217956	1968	12	0
USGS	11406900	00060	217956	1969	1	0
USGS	11406900	00060	217956	1969	2	0
USGS	11406900	00060	217956	1969	3	0
USGS	11406900	00060	217956	1969	4	1.22
USGS	11406900	00060	217956	1969	5	17.3
USGS	11406900	00060	217956	1969	6	10.9
USGS	11406900	00060	217956	1969	7	11.6
USGS	11406900	00060	217956	1969	8	12.2
USGS	11406900	00060	217956	1969	9	2.09
USGS	11406900	00060	217956	1969	10	0
USGS	11406900	00060	217956	1969	11	0
USGS	11406900	00060	217956	1969	12	0
USGS	11406900	00060	217956	1970	1	0
USGS	11406900	00060	217956	1970	2	0
USGS	11406900	00060	217956	1970	3	0
USGS	11406900	00060	217956	1970	4	8.68
USGS	11406900	00060	217956	1970	5	9.67
USGS	11406900	00060	217956	1970	6	10.3
USGS	11406900	00060	217956	1970	7	9.37
USGS	11406900	00060	217956	1970	8	9.27
USGS	11406900	00060	217956	1970	9	2.52
USGS	11406900	00060	217956	1970	10	0.019
USGS	11406900	00060	217956	1970	11	0
USGS	11406900	00060	217956	1970	12	0
USGS	11406900	00060	217956	1971	1	0
USGS	11406900	00060	217956	1971	2	0
USGS	11406900	00060	217956	1971	3	0
USGS	11406900	00060	217956	1971	4	6.1
USGS	11406900	00060	217956	1971	5	11.9
USGS	11406900	00060	217956	1971	6	10.7
USGS	11406900	00060	217956	1971	7	11.5
USGS	11406900	00060	217956	1971	8	10.6
USGS	11406900	00060	217956	1971	9	2.18
USGS	11406900	00060	217956	1971	10	0
USGS	11406900	00060	217956	1971	11	0
USGS	11406900	00060	217956	1971	12	0
USGS	11406900	00060	217956	1972	1	0
USGS	11406900	00060	217956	1972	2	0
USGS	11406900	00060	217956	1972	3	0
USGS	11406900	00060	217956	1972	4	7.9
USGS	11406900	00060	217956	1972	5	11.6
USGS	11406900	00060	217956	1972	6	9.84
USGS	11406900	00060	217956	1972	7	9.9
USGS	11406900	00060	217956	1972	8	9.86
USGS	11406900	00060	217956	1972	9	2.62
USGS	11406900	00060	217956	1972	10	0
USGS	11406900	00060	217956	1972	11	0
USGS	11406900	00060	217956	1972	12	0
USGS	11406900	00060	217956	1973	1	0
USGS	11406900	00060	217956	1973	2	0
USGS	11406900	00060	217956	1973	3	0
USGS	11406900	00060	217956	1973	4	4.09
USGS	11406900	00060	217956	1973	5	16.2
USGS	11406900	00060	217956	1973	6	9.7
USGS	11406900	00060	217956	1973	7	10.5
USGS	11406900	00060	217956	1973	8	8.51
USGS	11406900	00060	217956	1973	9	1.09
USGS	11406900	00060	217956	1973	10	0
USGS	11406900	00060	217956	1973	11	0
USGS	11406900	00060	217956	1973	12	0
USGS	11406900	00060	217956	1974	1	0
USGS	11406900	00060	217956	1974	2	0
USGS	11406900	00060	217956	1974	3	0
USGS	11406900	00060	217956	1974	4	0
USGS	11406900	00060	217956	1974	5	18.4
USGS	11406900	00060	217956	1974	6	11.4
USGS	11406900	00060	217956	1974	7	10.8
USGS	11406900	00060	217956	1974	8	10.8
USGS	11406900	00060	217956	1974	9	2.36
USGS	11406900	00060	217956	1974	10	0
USGS	11406900	00060	217956	1974	11	0
USGS	11406900	00060	217956	1974	12	0
USGS	11406900	00060	217956	1975	1	0
USGS	11406900	00060	217956	1975	2	0
USGS	11406900	00060	217956	1975	3	0
USGS	11406900	00060	217956	1975	4	0
USGS	11406900	00060	217956	1975	5	23.2
USGS	11406900	00060	217956	1975	6	13.8
USGS	11406900	00060	217956	1975	7	14.5
USGS	11406900	00060	217956	1975	8	13.4
USGS	11406900	00060	217956	1975	9	0.873
USGS	11406900	00060	217956	1975	10	0
USGS	11406900	00060	217956	1975	11	0
USGS	11406900	00060	217956	1975	12	0
USGS	11406900	00060	217956	1976	1	0
USGS	11406900	00060	217956	1976	2	0
USGS	11406900	00060	217956	1976	3	0
USGS	11406900	00060	217956	1976	4	4.48
USGS	11406900	00060	217956	1976	5	16.5
USGS	11406900	00060	217956	1976	6	12.7
USGS	11406900	00060	217956	1976	7	14.9
USGS	11406900	00060	217956	1976	8	13.1
USGS	11406900	00060	217956	1976	9	2
USGS	11406900	00060	217956	1976	10	0
USGS	11406900	00060	217956	1976	11	0
USGS	11406900	00060	217956	1976	12	0
USGS	11406900	00060	217956	1977	1	0
USGS	11406900	00060	217956	1977	2	0
USGS	11406900	00060	217956	1977	3	0
USGS	11406900	00060	217956	1977	4	14.8
USGS	11406900	00060	217956	1977	5	8.21
USGS	11406900	00060	217956	1977	6	13.5
USGS	11406900	00060	217956	1977	7	14.6
USGS	11406900	00060	217956	1977	8	10.3
USGS	11406900	00060	217956	1977	9	0.087
USGS	11406900	00060	217956	1977	10	0.094
USGS	11406900	00060	217956	1977	11	0
USGS	11406900	00060	217956	1977	12	0
USGS	11406900	00060	217956	1978	1	0
USGS	11406900	00060	217956	1978	2	0
USGS	11406900	00060	217956	1978	3	0
USGS	11406900	00060	217956	1978	4	0.513
USGS	11406900	00060	217956	1978	5	16.8
USGS	11406900	00060	217956	1978	6	13.9
USGS	11406900	00060	217956	1978	7	15.3
USGS	11406900	00060	217956	1978	8	12.7
USGS	11406900	00060	217956	1978	9	2.11
USGS	11406900	00060	217956	1978	10	0.023
USGS	11406900	00060	217956	1978	11	0
USGS	11406900	00060	217956	1978	12	0
USGS	11406900	00060	217956	1979	1	0
USGS	11406900	00060	217956	1979	2	0
USGS	11406900	00060	217956	1979	3	0
USGS	11406900	00060	217956	1979	4	1.62
USGS	11406900	00060	217956	1979	5	16.8
USGS	11406900	00060	217956	1979	6	17.6
USGS	11406900	00060	217956	1979	7	15.1
USGS	11406900	00060	217956	1979	8	13.2
USGS	11406900	00060	217956	1979	9	1.77
USGS	11406900	00060	217956	1979	10	0.132
USGS	11406900	00060	217956	1979	11	0
USGS	11406900	00060	217956	1979	12	0
USGS	11406900	00060	217956	1980	1	0
USGS	11406900	00060	217956	1980	2	0
USGS	11406900	00060	217956	1980	3	0
USGS	11406900	00060	217956	1980	4	9.08
USGS	11406900	00060	217956	1980	5	15
USGS	11406900	00060	217956	1980	6	15.7
USGS	11406900	00060	217956	1980	7	16
USGS	11406900	00060	217956	1980	8	11.8
USGS	11406900	00060	217956	1980	9	0.85
USGS	11406900	00060	217956	1980	10	0.123
USGS	11406900	00060	217956	1980	11	0
USGS	11406900	00060	217956	1980	12	0
USGS	11406900	00060	217956	1981	1	0
USGS	11406900	00060	217956	1981	2	0
USGS	11406900	00060	217956	1981	3	0
USGS	11406900	00060	217956	1981	4	0.823
USGS	11406900	00060	217956	1981	5	18.6
USGS	11406900	00060	217956	1981	6	18.3
USGS	11406900	00060	217956	1981	7	17.1
USGS	11406900	00060	217956	1981	8	13.5
USGS	11406900	00060	217956	1981	9	2.06
USGS	11406900	00060	217956	1981	10	0
USGS	11406900	00060	217956	1981	11	0
USGS	11406900	00060	217956	1981	12	0
USGS	11406900	00060	217956	1982	1	0
USGS	11406900	00060	217956	1982	2	0
USGS	11406900	00060	217956	1982	3	0
USGS	11406900	00060	217956	1982	4	0
USGS	11406900	00060	217956	1982	5	14.6
USGS	11406900	00060	217956	1982	6	14.9
USGS	11406900	00060	217956	1982	7	13
USGS	11406900	00060	217956	1982	8	12.3
USGS	11406900	00060	217956	1982	9	0.527
USGS	11406900	00060	217956	1982	10	0
USGS	11406900	00060	217956	1982	11	0.63
USGS	11406900	00060	217956	1982	12	0
USGS	11406900	00060	217956	1983	1	0
USGS	11406900	00060	217956	1983	2	0
USGS	11406900	00060	217956	1983	3	0
USGS	11406900	00060	217956	1983	4	0
USGS	11406900	00060	217956	1983	5	9.25
USGS	11406900	00060	217956	1983	6	9.08
USGS	11406900	00060	217956	1983	7	12.3
USGS	11406900	00060	217956	1983	8	9.78
USGS	11406900	00060	217956	1983	9	2.53
USGS	11406900	00060	217956	1983	10	0.065
USGS	11406900	00060	217956	1983	11	0
USGS	11406900	00060	217956	1983	12	0
USGS	11406900	00060	217956	1984	1	0
USGS	11406900	00060	217956	1984	2	0
USGS	11406900	00060	217956	1984	3	0
USGS	11406900	00060	217956	1984	4	3.92
USGS	11406900	00060	217956	1984	5	13.4
USGS	11406900	00060	217956	1984	6	13.7
USGS	11406900	00060	217956	1984	7	12.2
USGS	11406900	00060	217956	1984	8	9.31
USGS	11406900	00060	217956	1984	9	0.07
USGS	11406900	00060	217956	1984	10	0
USGS	11406900	00060	217956	1984	11	3.8
USGS	11406900	00060	217956	1984	12	0
USGS	11406900	00060	217956	1985	1	0
USGS	11406900	00060	217956	1985	2	0
USGS	11406900	00060	217956	1985	3	0
USGS	11406900	00060	217956	1985	4	4.63
USGS	11406900	00060	217956	1985	5	12.3
USGS	11406900	00060	217956	1985	6	13.8
USGS	11406900	00060	217956	1985	7	13.3
USGS	11406900	00060	217956	1985	8	10.7
USGS	11406900	00060	217956	1985	9	0.249
USGS	11406900	00060	217956	1985	10	0
USGS	11406900	00060	217956	1985	11	5.23
USGS	11406900	00060	217956	1985	12	0.994
USGS	11406900	00060	217956	1986	1	0.049
USGS	11406900	00060	217956	1986	2	0
USGS	11406900	00060	217956	1986	3	0
USGS	11406900	00060	217956	1986	4	2
USGS	11406900	00060	217956	1986	5	14.4
USGS	11406900	00060	217956	1986	6	13.6
USGS	11406900	00060	217956	1986	7	13.4
USGS	11406900	00060	217956	1986	8	9.95
USGS	11406900	00060	217956	1986	9	0.853
USGS	11406900	00060	217956	1986	10	0
USGS	11406900	00060	217956	1986	11	2.03
USGS	11406900	00060	217956	1986	12	3.49
USGS	11406900	00060	217956	1987	1	0.168
USGS	11406900	00060	217956	1987	2	0
USGS	11406900	00060	217956	1987	3	0
USGS	11406900	00060	217956	1987	4	5.73
USGS	11406900	00060	217956	1987	5	12.1
USGS	11406900	00060	217956	1987	6	14.1
USGS	11406900	00060	217956	1987	7	13.8
USGS	11406900	00060	217956	1987	8	9.99
USGS	11406900	00060	217956	1987	9	0.253
USGS	11406900	00060	217956	1987	10	0.145
USGS	11406900	00060	217956	1987	11	4.49
USGS	11406900	00060	217956	1987	12	0.371
USGS	11406900	00060	217956	1988	1	0.329
USGS	11406900	00060	217956	1988	2	0
USGS	11406900	00060	217956	1988	3	0
USGS	11406900	00060	217956	1988	4	1.02
USGS	11406900	00060	217956	1988	5	12.8
USGS	11406900	00060	217956	1988	6	13.4
USGS	11406900	00060	217956	1988	7	13.9
USGS	11406900	00060	217956	1988	8	7.12
USGS	11406900	00060	217956	1988	9	0.307
USGS	11406900	00060	217956	1988	10	0.194
USGS	11406900	00060	217956	1988	11	1.38
USGS	11406900	00060	217956	1988	12	1.97
USGS	11406900	00060	217956	1989	1	0
USGS	11406900	00060	217956	1989	2	0
USGS	11406900	00060	217956	1989	3	0
USGS	11406900	00060	217956	1989	4	1.65
USGS	11406900	00060	217956	1989	5	14
USGS	11406900	00060	217956	1989	6	13.8
USGS	11406900	00060	217956	1989	7	14.9
USGS	11406900	00060	217956	1989	8	11.9
USGS	11406900	00060	217956	1989	9	1.15
USGS	11406900	00060	217956	1989	10	0
USGS	11406900	00060	217956	1989	11	0
USGS	11406900	00060	217956	1989	12	3.39
USGS	11406900	00060	217956	1990	1	0.125
USGS	11406900	00060	217956	1990	2	0
USGS	11406900	00060	217956	1990	3	0
USGS	11406900	00060	217956	1990	4	6.28
USGS	11406900	00060	217956	1990	5	9.01
USGS	11406900	00060	217956	1990	6	14
USGS	11406900	00060	217956	1990	7	15.6
USGS	11406900	00060	217956	1990	8	9.05
USGS	11406900	00060	217956	1990	9	0.768
USGS	11406900	00060	217956	1990	10	0
USGS	11406900	00060	217956	1990	11	4.27
USGS	11406900	00060	217956	1990	12	1.31
USGS	11406900	00060	217956	1991	1	0
USGS	11406900	00060	217956	1991	2	0
USGS	11406900	00060	217956	1991	3	0
USGS	11406900	00060	217956	1991	4	2.15
USGS	11406900	00060	217956	1991	5	7.17
USGS	11406900	00060	217956	1991	6	9.87
USGS	11406900	00060	217956	1991	7	9.72
USGS	11406900	00060	217956	1991	8	8.57
USGS	11406900	00060	217956	1991	9	1.37
USGS	11406900	00060	217956	1991	10	0
USGS	11406900	00060	217956	1991	11	3.51
USGS	11406900	00060	217956	1991	12	1.1
USGS	11406900	00060	217956	1992	1	0
USGS	11406900	00060	217956	1992	2	0
USGS	11406900	00060	217956	1992	3	0
USGS	11406900	00060	217956	1992	4	0
USGS	11406900	00060	217956	1992	5	11.6
USGS	11406900	00060	217956	1992	6	9.23
USGS	11406900	00060	217956	1992	7	10.6
USGS	11406900	00060	217956	1992	8	8.12
USGS	11406900	00060	217956	1992	9	0.792
USGS	11406900	00060	217956	1992	10	0
USGS	11406900	00060	217956	1992	11	2.78
USGS	11406900	00060	217956	1992	12	1.18
USGS	11406900	00060	217956	1993	1	0
USGS	11406900	00060	217956	1993	2	0
USGS	11406900	00060	217956	1993	3	0
USGS	11406900	00060	217956	1993	4	0
USGS	11406900	00060	217956	1993	5	10.2
USGS	11406900	00060	217956	1993	6	8.6
USGS	11406900	00060	217956	1993	7	14.4
USGS	11406900	00060	217956	1993	8	12.8
USGS	11406900	00060	217956	1993	9	2.23
USGS	11406900	00060	217956	1993	10	0
USGS	11406900	00060	217956	1993	11	4.27
USGS	11406900	00060	217956	1993	12	3.27
USGS	11406900	00060	217956	1994	1	0.513
USGS	11406900	00060	217956	1994	2	0
USGS	11406900	00060	217956	1994	3	0
USGS	11406900	00060	217956	1994	4	9.93
USGS	11406900	00060	217956	1994	5	6.55
USGS	11406900	00060	217956	1994	6	12.7
USGS	11406900	00060	217956	1994	7	14.6
USGS	11406900	00060	217956	1994	8	7.61
USGS	11406900	00060	217956	1994	9	0
USGS	11406900	00060	217956	1994	10	1.9
USGS	11406900	00060	217956	1994	11	4.21
USGS	11406900	00060	217956	1994	12	0.81
USGS	11406900	00060	217956	1995	1	0.115
USGS	11406900	00060	217956	1995	2	0
USGS	11406900	00060	217956	1995	3	0
USGS	11406900	00060	217956	1995	4	1.26
USGS	11406900	00060	217956	1995	5	9.13
USGS	11406900	00060	217956	1995	6	9.74
USGS	11406900	00060	217956	1995	7	15.1
USGS	11406900	00060	217956	1995	8	13.9
USGS	11406900	00060	217956	1995	9	2.23
USGS	11406900	00060	217956	1995	10	0
USGS	11406900	00060	217956	1995	11	6.58
USGS	11406900	00060	217956	1995	12	1.15
USGS	11406900	00060	217956	1996	1	0.413
USGS	11406900	00060	217956	1996	2	0
USGS	11406900	00060	217956	1996	3	0
USGS	11406900	00060	217956	1996	4	1.36
USGS	11406900	00060	217956	1996	5	10.4
USGS	11406900	00060	217956	1996	6	12.5
USGS	11406900	00060	217956	1996	7	15.2
USGS	11406900	00060	217956	1996	8	10.8
USGS	11406900	00060	217956	1996	9	0
USGS	11406900	00060	217956	1996	10	3.47
USGS	11406900	00060	217956	1996	11	1.13
USGS	11406900	00060	217956	1996	12	0.79
USGS	11406900	00060	217956	1997	1	0
USGS	11406900	00060	217956	1997	2	0
USGS	11406900	00060	217956	1997	3	0
USGS	11406900	00060	217956	1997	4	10.1
USGS	11406900	00060	217956	1997	5	6.92
USGS	11406900	00060	217956	1997	6	15.9
USGS	11406900	00060	217956	1997	7	15.2
USGS	11406900	00060	217956	1997	8	7.28
USGS	11406900	00060	217956	1997	9	0
USGS	11406900	00060	217956	1997	10	2.32
USGS	11406900	00060	217956	1997	11	5.79
USGS	11406900	00060	217956	1997	12	0.227
USGS	11406900	00060	217956	1998	1	0.248
USGS	11406900	00060	217956	1998	2	0
USGS	11406900	00060	217956	1998	3	0
USGS	11406900	00060	217956	1998	4	0
USGS	11406900	00060	217956	1998	5	9.28
USGS	11406900	00060	217956	1998	6	8.4
USGS	11406900	00060	217956	1998	7	15.7
USGS	11406900	00060	217956	1998	8	14.7
USGS	11406900	00060	217956	1998	9	1.73
USGS	11406900	00060	217956	1998	10	1.59
USGS	11406900	00060	217956	1998	11	5.56
USGS	11406900	00060	217956	1998	12	0.991
USGS	11406900	00060	217956	1999	1	0.42
USGS	11406900	00060	217956	1999	2	0
USGS	11406900	00060	217956	1999	3	0
USGS	11406900	00060	217956	1999	4	1.83
USGS	11406900	00060	217956	1999	5	13.5
USGS	11406900	00060	217956	1999	6	13.2
USGS	11406900	00060	217956	1999	7	16.7
USGS	11406900	00060	217956	1999	8	15.1
USGS	11406900	00060	217956	1999	9	1.79
USGS	11406900	00060	217956	1999	10	0
USGS	11406900	00060	217956	1999	11	5.44
USGS	11406900	00060	217956	1999	12	5.74
USGS	11406900	00060	217956	2000	1	0.996
USGS	11406900	00060	217956	2000	2	0
USGS	11406900	00060	217956	2000	3	0
USGS	11406900	00060	217956	2000	4	1.67
USGS	11406900	00060	217956	2000	5	11.3
USGS	11406900	00060	217956	2000	6	13.2
USGS	11406900	00060	217956	2000	7	14.9
USGS	11406900	00060	217956	2000	8	11.9
USGS	11406900	00060	217956	2000	9	0.823
USGS	11406900	00060	217956	2000	10	4.47
USGS	11406900	00060	217956	2000	11	2.44
USGS	11406900	00060	217956	2000	12	2.18
USGS	11406900	00060	217956	2001	1	0.613
USGS	11406900	00060	217956	2001	2	0
USGS	11406900	00060	217956	2001	3	0
USGS	11406900	00060	217956	2001	4	3.4
USGS	11406900	00060	217956	2001	5	11.8
USGS	11406900	00060	217956	2001	6	16.1
USGS	11406900	00060	217956	2001	7	15.3
USGS	11406900	00060	217956	2001	8	13.3
USGS	11406900	00060	217956	2001	9	0.503
USGS	11406900	00060	217956	2001	10	7.14
USGS	11406900	00060	217956	2001	11	5.57
USGS	11406900	00060	217956	2001	12	2.39
USGS	11406900	00060	217956	2002	1	0.084
USGS	11406900	00060	217956	2002	2	0
USGS	11406900	00060	217956	2002	3	0
USGS	11406900	00060	217956	2002	4	3.9
USGS	11406900	00060	217956	2002	5	9.9
USGS	11406900	00060	217956	2002	6	15
USGS	11406900	00060	217956	2002	7	16.9
USGS	11406900	00060	217956	2002	8	12.4
USGS	11406900	00060	217956	2002	9	0.2
USGS	11406900	00060	217956	2002	10	2.52
USGS	11406900	00060	217956	2002	11	6.41
USGS	11406900	00060	217956	2002	12	1.72
USGS	11406900	00060	217956	2003	1	0.805
USGS	11406900	00060	217956	2003	2	0
USGS	11406900	00060	217956	2003	3	0
USGS	11406900	00060	217956	2003	4	0
USGS	11406900	00060	217956	2003	5	9.71
USGS	11406900	00060	217956	2003	6	9.85
USGS	11406900	00060	217956	2003	7	16.8
USGS	11406900	00060	217956	2003	8	15.4
USGS	11406900	00060	217956	2003	9	3.31
USGS	11406900	00060	217956	2003	10	0.068
USGS	11406900	00060	217956	2003	11	4.2
USGS	11406900	00060	217956	2003	12	3.3
USGS	11406900	00060	217956	2004	1	0.816
USGS	11406900	00060	217956	2004	2	0
USGS	11406900	00060	217956	2004	3	0
USGS	11406900	00060	217956	2004	4	7.73
USGS	11406900	00060	217956	2004	5	11.4
USGS	11406900	00060	217956	2004	6	16.2
USGS	11406900	00060	217956	2004	7	14.6
USGS	11406900	00060	217956	2004	8	12
USGS	11406900	00060	217956	2004	9	0.472
USGS	11406900	00060	217956	2004	10	0
USGS	11406900	00060	217956	2004	11	8.87
USGS	11406900	00060	217956	2004	12	1.83
USGS	11406900	00060	217956	2005	1	0
USGS	11406900	00060	217956	2005	2	0
USGS	11406900	00060	217956	2005	3	0
USGS	11406900	00060	217956	2005	4	0
USGS	11406900	00060	217956	2005	5	10.7
USGS	11406900	00060	217956	2005	6	10.1
USGS	11406900	00060	217956	2005	7	16
USGS	11406900	00060	217956	2005	8	15.4
USGS	11406900	00060	217956	2005	9	0.829
USGS	11406900	00060	217956	2005	10	0
USGS	11406900	00060	217956	2005	11	9.29
USGS	11406900	00060	217956	2005	12	4.61
USGS	11406900	00060	217956	2006	1	0.077
USGS	11406900	00060	217956	2006	2	0
USGS	11406900	00060	217956	2006	3	0
USGS	11406900	00060	217956	2006	4	0
USGS	11406900	00060	217956	2006	5	12.2
USGS	11406900	00060	217956	2006	6	12.4
USGS	11406900	00060	217956	2006	7	13.4
USGS	11406900	00060	217956	2006	8	10.7
USGS	11406900	00060	217956	2006	9	1.61
USGS	11406900	00060	217956	2006	10	0
USGS	11406900	00060	217956	2006	11	7.51
USGS	11406900	00060	217956	2006	12	4.47
USGS	11406900	00060	217956	2007	1	1.19
USGS	11406900	00060	217956	2007	2	0
USGS	11406900	00060	217956	2007	3	0
USGS	11406900	00060	217956	2007	4	1.1
USGS	11406900	00060	217956	2007	5	14
USGS	11406900	00060	217956	2007	6	14.2
USGS	11406900	00060	217956	2007	7	13.8
USGS	11406900	00060	217956	2007	8	9.8
USGS	11406900	00060	217956	2007	9	1.01
USGS	11406900	00060	217956	2007	10	0
USGS	11406900	00060	217956	2007	11	6.47
USGS	11406900	00060	217956	2007	12	5.57
USGS	11406900	00060	217956	2008	1	1.75
USGS	11406900	00060	217956	2008	2	0
USGS	11406900	00060	217956	2008	3	0
USGS	11406900	00060	217956	2008	4	3.5
USGS	11406900	00060	217956	2008	5	8.48
USGS	11406900	00060	217956	2008	6	10.5
USGS	11406900	00060	217956	2008	7	9.72
USGS	11406900	00060	217956	2008	8	7.32
USGS	11406900	00060	217956	2008	9	0.608
USGS	11406900	00060	217956	2008	10	0
USGS	11406900	00060	217956	2008	11	6.53
USGS	11406900	00060	217956	2008	12	3.02
USGS	11406900	00060	217956	2009	1	0.441
USGS	11406900	00060	217956	2009	2	0
USGS	11406900	00060	217956	2009	3	0
USGS	11406900	00060	217956	2009	4	1.75
USGS	11406900	00060	217956	2009	5	9.83
USGS	11406900	00060	217956	2009	6	8.94
USGS	11406900	00060	217956	2009	7	12.5
USGS	11406900	00060	217956	2009	8	7.44
USGS	11406900	00060	217956	2009	9	0.365
USGS	11406900	00060	217956	2009	10	0.739
USGS	11406900	00060	217956	2009	11	7.13
USGS	11406900	00060	217956	2009	12	3.58
USGS	11406900	00060	217956	2010	1	1.51
USGS	11406900	00060	217956	2010	2	0
USGS	11406900	00060	217956	2010	3	0
USGS	11406900	00060	217956	2010	4	0
USGS	11406900	00060	217956	2010	5	10
USGS	11406900	00060	217956	2010	6	9.49
USGS	11406900	00060	217956	2010	7	14.6
USGS	11406900	00060	217956	2010	8	14
USGS	11406900	00060	217956	2010	9	5.63
USGS	11406900	00060	217956	2010	10	0.219
USGS	11406900	00060	217956	2010	11	7.89
USGS	11406900	00060	217956	2010	12	3.84
USGS	11406900	00060	217956	2011	1	0.483
USGS	11406900	00060	217956	2011	2	0
USGS	11406900	00060	217956	2011	3	0
USGS	11406900	00060	217956	2011	4	0
USGS	11406900	00060	217956	2011	5	10.2
USGS	11406900	00060	217956	2011	6	9.83
USGS	11406900	00060	217956	2011	7	12.8
USGS	11406900	00060	217956	2011	8	14
USGS	11406900	00060	217956	2011	9	2.79
USGS	11406900	00060	217956	2011	10	0
USGS	11406900	00060	217956	2011	11	9.03
USGS	11406900	00060	217956	2011	12	4.31
USGS	11406900	00060	217956	2012	1	2.31
USGS	11406900	00060	217956	2012	2	0
USGS	11406900	00060	217956	2012	3	0
USGS	11406900	00060	217956	2012	4	0
USGS	11406900	00060	217956	2012	5	7.09
USGS	11406900	00060	217956	2012	6	6.22
USGS	11406900	00060	217956	2012	7	9.27
USGS	11406900	00060	217956	2012	8	8.75
USGS	11406900	00060	217956	2012	9	1.12
USGS	11406900	00060	217956	2012	10	0
USGS	11406900	00060	217956	2012	11	6.78
USGS	11406900	00060	217956	2012	12	2.22
USGS	11406900	00060	217956	2013	1	1.38
USGS	11406900	00060	217956	2013	2	0
USGS	11406900	00060	217956	2013	3	0
USGS	11406900	00060	217956	2013	4	6.69
USGS	11406900	00060	217956	2013	5	10.1
USGS	11406900	00060	217956	2013	6	12.3
USGS	11406900	00060	217956	2013	7	13.2
USGS	11406900	00060	217956	2013	8	8.56
USGS	11406900	00060	217956	2013	9	1.48
USGS	11406900	00060	217956	2013	10	2.21
USGS	11406900	00060	217956	2013	11	6.48
USGS	11406900	00060	217956	2013	12	6.51
USGS	11406900	00060	217956	2014	1	2.93
USGS	11406900	00060	217956	2014	2	0
USGS	11406900	00060	217956	2014	3	0
USGS	11406900	00060	217956	2014	4	0
USGS	11406900	00060	217956	2014	5	8.41
USGS	11406900	00060	217956	2014	6	8.39
USGS	11406900	00060	217956	2014	7	9.8
USGS	11406900	00060	217956	2014	8	7.89
USGS	11406900	00060	217956	2014	9	0.51
USGS	11406900	00060	217956	2014	10	4.63
USGS	11406900	00060	217956	2014	11	4.55
USGS	11406900	00060	217956	2014	12	0
USGS	11406900	00060	217956	2015	1	0
USGS	11406900	00060	217956	2015	2	0
USGS	11406900	00060	217956	2015	3	0
USGS	11406900	00060	217956	2015	4	1.34
USGS	11406900	00060	217956	2015	5	8.44
USGS	11406900	00060	217956	2015	6	7.69
USGS	11406900	00060	217956	2015	7	9.93
USGS	11406900	00060	217956	2015	8	6.95
USGS	11406900	00060	217956	2015	9	0.043
USGS	11406900	00060	217956	2015	10	6.67
USGS	11406900	00060	217956	2015	11	2.96
USGS	11406900	00060	217956	2015	12	0.106
USGS	11406900	00060	217956	2016	1	0
USGS	11406900	00060	217956	2016	2	0
USGS	11406900	00060	217956	2016	3	0
USGS	11406900	00060	217956	2016	4	0
USGS	11406900	00060	217956	2016	5	11.7
USGS	11406900	00060	217956	2016	6	12.3
USGS	11406900	00060	217956	2016	7	14
USGS	11406900	00060	217956	2016	8	12.5
USGS	11406900	00060	217956	2016	9	0.567
USGS	11406900	00060	217956	2016	10	2
USGS	11406900	00060	217956	2016	11	8.27
USGS	11406900	00060	217956	2016	12	5.48
USGS	11406900	00060	217956	2017	1	1.21
USGS	11406900	00060	217956	2017	2	0
USGS	11406900	00060	217956	2017	3	0
USGS	11406900	00060	217956	2017	4	0
USGS	11406900	00060	217956	2017	5	8.75
USGS	11406900	00060	217956	2017	6	7.7
USGS	11406900	00060	217956	2017	7	12
USGS	11406900	00060	217956	2017	8	9.32
USGS	11406900	00060	217956	2017	9	1.32
USGS	11406900	00060	217956	2017	10	0.584
USGS	11406900	00060	217956	2017	11	7.86
USGS	11406900	00060	217956	2017	12	5.14
USGS	11406900	00060	217956	2018	1	2.12
USGS	11406900	00060	217956	2018	2	0
USGS	11406900	00060	217956	2018	3	0
USGS	11406900	00060	217956	2018	4	0
USGS	11406900	00060	217956	2018	5	7.73
USGS	11406900	00060	217956	2018	6	10.2
USGS	11406900	00060	217956	2018	7	14
USGS	11406900	00060	217956	2018	8	11.2
USGS	11406900	00060	217956	2018	9	0.333
USGS	11406900	00060	217956	2018	10	0
USGS	11406900	00060	217956	2018	11	8.99
USGS	11406900	00060	217956	2018	12	7.7
USGS	11406900	00060	217956	2019	1	4.83
USGS	11406900	00060	217956	2019	2	0
USGS	11406900	00060	217956	2019	3	0
USGS	11406900	00060	217956	2019	4	0
USGS	11406900	00060	217956	2019	5	9.63
USGS	11406900	00060	217956	2019	6	12.5
USGS	11406900	00060	217956	2019	7	14.1
USGS	11406900	00060	217956	2019	8	11.8
USGS	11406900	00060	217956	2019	9	2.17
USGS	11406900	00060	217956	2019	10	0
USGS	11406900	00060	217956	2019	11	10
USGS	11406900	00060	217956	2019	12	13.2
USGS	11406900	00060	217956	2020	1	14.5
USGS	11406900	00060	217956	2020	2	0
USGS	11406900	00060	217956	2020	3	0
USGS	11406900	00060	217956	2020	4	2.77
USGS	11406900	00060	217956	2020	5	14
USGS	11406900	00060	217956	2020	6	13.3
USGS	11406900	00060	217956	2020	7	18.4
USGS	11406900	00060	217956	2020	8	11.8
USGS	11406900	00060	217956	2020	10	2.68
USGS	11406900	00060	217956	2020	11	11.2
USGS	11406900	00060	217956	2020	12	6.62
USGS	11406900	00060	217956	2021	1	0
USGS	11406900	00060	217956	2021	2	0
USGS	11406900	00060	217956	2021	3	0
USGS	11406900	00060	217956	2021	4	3.27
USGS	11406900	00060	217956	2021	5	10.9
USGS	11406900	00060	217956	2021	6	9.75
USGS	11406900	00060	217956	2021	7	11
USGS	11406900	00060	217956	2021	8	4.95
USGS	11406900	00060	217956	2021	9	0.43

