agency_cd	site_no	parameter_cd	ts_id	year_nu	month_nu	mean_va
USGS	11407000	00060	217960	1901	10	2000
USGS	11407000	00060	217960	1901	11	3000
USGS	11407000	00060	217960	1901	12	4000
USGS	11407000	00060	217960	1902	1	2069
USGS	11407000	00060	217960	1902	2	16790
USGS	11407000	00060	217960	1902	3	9970
USGS	11407000	00060	217960	1902	4	16720
USGS	11407000	00060	217960	1902	5	10740
USGS	11407000	00060	217960	1902	6	5650
USGS	11407000	00060	217960	1902	7	2188
USGS	11407000	00060	217960	1902	8	1463
USGS	11407000	00060	217960	1902	9	1198
USGS	11407000	00060	217960	1902	10	1423
USGS	11407000	00060	217960	1902	11	3533
USGS	11407000	00060	217960	1902	12	5888
USGS	11407000	00060	217960	1903	1	7390
USGS	11407000	00060	217960	1903	2	5242
USGS	11407000	00060	217960	1903	3	11870
USGS	11407000	00060	217960	1903	4	18860
USGS	11407000	00060	217960	1903	5	9423
USGS	11407000	00060	217960	1903	6	4272
USGS	11407000	00060	217960	1903	7	2283
USGS	11407000	00060	217960	1903	8	1805
USGS	11407000	00060	217960	1903	9	1591
USGS	11407000	00060	217960	1903	10	1769
USGS	11407000	00060	217960	1903	11	19710
USGS	11407000	00060	217960	1903	12	4175
USGS	11407000	00060	217960	1904	1	3429
USGS	11407000	00060	217960	1904	2	28030
USGS	11407000	00060	217960	1904	3	39760
USGS	11407000	00060	217960	1904	4	24690
USGS	11407000	00060	217960	1904	5	18560
USGS	11407000	00060	217960	1904	6	7879
USGS	11407000	00060	217960	1904	7	3051
USGS	11407000	00060	217960	1904	8	2005
USGS	11407000	00060	217960	1904	9	2262
USGS	11407000	00060	217960	1904	10	4292
USGS	11407000	00060	217960	1904	11	2754
USGS	11407000	00060	217960	1904	12	6226
USGS	11407000	00060	217960	1905	1	10370
USGS	11407000	00060	217960	1905	2	10200
USGS	11407000	00060	217960	1905	3	14250
USGS	11407000	00060	217960	1905	4	10140
USGS	11407000	00060	217960	1905	5	7633
USGS	11407000	00060	217960	1905	6	4220
USGS	11407000	00060	217960	1905	7	1811
USGS	11407000	00060	217960	1905	8	1351
USGS	11407000	00060	217960	1905	9	1272
USGS	11407000	00060	217960	1905	10	1283
USGS	11407000	00060	217960	1905	11	1319
USGS	11407000	00060	217960	1905	12	1386
USGS	11407000	00060	217960	1906	1	14510
USGS	11407000	00060	217960	1906	2	11100
USGS	11407000	00060	217960	1906	3	21590
USGS	11407000	00060	217960	1906	4	19190
USGS	11407000	00060	217960	1906	5	17530
USGS	11407000	00060	217960	1906	6	13810
USGS	11407000	00060	217960	1906	7	4709
USGS	11407000	00060	217960	1906	8	2200
USGS	11407000	00060	217960	1906	9	1727
USGS	11407000	00060	217960	1906	10	1680
USGS	11407000	00060	217960	1906	11	2208
USGS	11407000	00060	217960	1906	12	7014
USGS	11407000	00060	217960	1907	1	7127
USGS	11407000	00060	217960	1907	2	21540
USGS	11407000	00060	217960	1907	3	36890
USGS	11407000	00060	217960	1907	4	29460
USGS	11407000	00060	217960	1907	5	23380
USGS	11407000	00060	217960	1907	6	15200
USGS	11407000	00060	217960	1907	7	5999
USGS	11407000	00060	217960	1907	8	2646
USGS	11407000	00060	217960	1907	9	1901
USGS	11407000	00060	217960	1907	10	1855
USGS	11407000	00060	217960	1907	11	1780
USGS	11407000	00060	217960	1907	12	4509
USGS	11407000	00060	217960	1908	1	7245
USGS	11407000	00060	217960	1908	2	6382
USGS	11407000	00060	217960	1908	3	7245
USGS	11407000	00060	217960	1908	4	9206
USGS	11407000	00060	217960	1908	5	8173
USGS	11407000	00060	217960	1908	6	5313
USGS	11407000	00060	217960	1908	7	2315
USGS	11407000	00060	217960	1908	8	1510
USGS	11407000	00060	217960	1908	9	1250
USGS	11407000	00060	217960	1908	10	1646
USGS	11407000	00060	217960	1908	11	1754
USGS	11407000	00060	217960	1908	12	1910
USGS	11407000	00060	217960	1909	1	39860
USGS	11407000	00060	217960	1909	2	18380
USGS	11407000	00060	217960	1909	3	13430
USGS	11407000	00060	217960	1909	4	15860
USGS	11407000	00060	217960	1909	5	14020
USGS	11407000	00060	217960	1909	6	9097
USGS	11407000	00060	217960	1909	7	3269
USGS	11407000	00060	217960	1909	8	1797
USGS	11407000	00060	217960	1909	9	1818
USGS	11407000	00060	217960	1909	10	1962
USGS	11407000	00060	217960	1909	11	5747
USGS	11407000	00060	217960	1909	12	8139
USGS	11407000	00060	217960	1910	1	6748
USGS	11407000	00060	217960	1910	2	7970
USGS	11407000	00060	217960	1910	3	17950
USGS	11407000	00060	217960	1910	4	12650
USGS	11407000	00060	217960	1910	5	6848
USGS	11407000	00060	217960	1910	6	2621
USGS	11407000	00060	217960	1910	7	1600
USGS	11407000	00060	217960	1910	8	1349
USGS	11407000	00060	217960	1910	9	1171
USGS	11407000	00060	217960	1910	10	1274
USGS	11407000	00060	217960	1910	11	1864
USGS	11407000	00060	217960	1910	12	3402
USGS	11407000	00060	217960	1911	1	8959
USGS	11407000	00060	217960	1911	2	10240
USGS	11407000	00060	217960	1911	3	15780
USGS	11407000	00060	217960	1911	4	30100
USGS	11407000	00060	217960	1911	5	22120
USGS	11407000	00060	217960	1911	6	15650
USGS	11407000	00060	217960	1911	7	3865
USGS	11407000	00060	217960	1911	8	1650
USGS	11407000	00060	217960	1911	9	1311
USGS	11407000	00060	217960	1911	10	1329
USGS	11407000	00060	217960	1911	11	1563
USGS	11407000	00060	217960	1911	12	1428
USGS	11407000	00060	217960	1912	1	3420
USGS	11407000	00060	217960	1912	2	2731
USGS	11407000	00060	217960	1912	3	3999
USGS	11407000	00060	217960	1912	4	4187
USGS	11407000	00060	217960	1912	5	8271
USGS	11407000	00060	217960	1912	6	4301
USGS	11407000	00060	217960	1912	7	1176
USGS	11407000	00060	217960	1912	8	969
USGS	11407000	00060	217960	1912	9	1185
USGS	11407000	00060	217960	1912	10	1011
USGS	11407000	00060	217960	1912	11	2812
USGS	11407000	00060	217960	1912	12	1742
USGS	11407000	00060	217960	1913	1	3352
USGS	11407000	00060	217960	1913	2	2662
USGS	11407000	00060	217960	1913	3	3658
USGS	11407000	00060	217960	1913	4	10050
USGS	11407000	00060	217960	1913	5	9958
USGS	11407000	00060	217960	1913	6	4066
USGS	11407000	00060	217960	1913	7	1646
USGS	11407000	00060	217960	1913	8	1167
USGS	11407000	00060	217960	1913	9	1011
USGS	11407000	00060	217960	1913	10	1026
USGS	11407000	00060	217960	1913	11	1737
USGS	11407000	00060	217960	1913	12	5742
USGS	11407000	00060	217960	1914	1	23390
USGS	11407000	00060	217960	1914	2	14660
USGS	11407000	00060	217960	1914	3	16630
USGS	11407000	00060	217960	1914	4	18250
USGS	11407000	00060	217960	1914	5	14160
USGS	11407000	00060	217960	1914	6	7062
USGS	11407000	00060	217960	1914	7	2384
USGS	11407000	00060	217960	1914	8	1833
USGS	11407000	00060	217960	1914	9	1843
USGS	11407000	00060	217960	1914	10	2065
USGS	11407000	00060	217960	1914	11	2380
USGS	11407000	00060	217960	1914	12	3035
USGS	11407000	00060	217960	1915	1	4482
USGS	11407000	00060	217960	1915	2	14310
USGS	11407000	00060	217960	1915	3	10140
USGS	11407000	00060	217960	1915	4	13180
USGS	11407000	00060	217960	1915	5	21490
USGS	11407000	00060	217960	1915	6	8396
USGS	11407000	00060	217960	1915	7	3126
USGS	11407000	00060	217960	1915	8	2152
USGS	11407000	00060	217960	1915	9	2087
USGS	11407000	00060	217960	1915	10	2047
USGS	11407000	00060	217960	1915	11	2403
USGS	11407000	00060	217960	1915	12	4078
USGS	11407000	00060	217960	1916	1	9726
USGS	11407000	00060	217960	1916	2	16010
USGS	11407000	00060	217960	1916	3	19560
USGS	11407000	00060	217960	1916	4	18420
USGS	11407000	00060	217960	1916	5	12250
USGS	11407000	00060	217960	1916	6	5893
USGS	11407000	00060	217960	1916	7	3044
USGS	11407000	00060	217960	1916	8	2340
USGS	11407000	00060	217960	1916	9	2272
USGS	11407000	00060	217960	1916	10	2605
USGS	11407000	00060	217960	1916	11	2655
USGS	11407000	00060	217960	1916	12	4586
USGS	11407000	00060	217960	1917	1	3056
USGS	11407000	00060	217960	1917	2	9721
USGS	11407000	00060	217960	1917	3	6637
USGS	11407000	00060	217960	1917	4	15880
USGS	11407000	00060	217960	1917	5	13490
USGS	11407000	00060	217960	1917	6	7140
USGS	11407000	00060	217960	1917	7	2763
USGS	11407000	00060	217960	1917	8	2357
USGS	11407000	00060	217960	1917	9	2236
USGS	11407000	00060	217960	1917	10	2165
USGS	11407000	00060	217960	1917	11	2154
USGS	11407000	00060	217960	1917	12	2331
USGS	11407000	00060	217960	1918	1	1795
USGS	11407000	00060	217960	1918	2	3349
USGS	11407000	00060	217960	1918	3	7818
USGS	11407000	00060	217960	1918	4	9784
USGS	11407000	00060	217960	1918	5	4623
USGS	11407000	00060	217960	1918	6	1864
USGS	11407000	00060	217960	1918	7	1556
USGS	11407000	00060	217960	1918	8	1637
USGS	11407000	00060	217960	1918	9	1621
USGS	11407000	00060	217960	1918	10	2266
USGS	11407000	00060	217960	1918	11	2534
USGS	11407000	00060	217960	1918	12	2512
USGS	11407000	00060	217960	1919	1	2560
USGS	11407000	00060	217960	1919	2	8529
USGS	11407000	00060	217960	1919	3	6447
USGS	11407000	00060	217960	1919	4	13850
USGS	11407000	00060	217960	1919	5	9446
USGS	11407000	00060	217960	1919	6	2765
USGS	11407000	00060	217960	1919	7	1993
USGS	11407000	00060	217960	1919	8	1905
USGS	11407000	00060	217960	1919	9	1819
USGS	11407000	00060	217960	1919	10	2008
USGS	11407000	00060	217960	1919	11	1806
USGS	11407000	00060	217960	1919	12	2358
USGS	11407000	00060	217960	1920	1	1733
USGS	11407000	00060	217960	1920	2	1803
USGS	11407000	00060	217960	1920	3	4146
USGS	11407000	00060	217960	1920	4	7161
USGS	11407000	00060	217960	1920	5	5976
USGS	11407000	00060	217960	1920	6	2306
USGS	11407000	00060	217960	1920	7	1805
USGS	11407000	00060	217960	1920	8	1548
USGS	11407000	00060	217960	1920	9	1267
USGS	11407000	00060	217960	1920	10	1581
USGS	11407000	00060	217960	1920	11	8554
USGS	11407000	00060	217960	1920	12	8194
USGS	11407000	00060	217960	1921	1	12910
USGS	11407000	00060	217960	1921	2	9975
USGS	11407000	00060	217960	1921	3	14120
USGS	11407000	00060	217960	1921	4	11620
USGS	11407000	00060	217960	1921	5	13040
USGS	11407000	00060	217960	1921	6	6652
USGS	11407000	00060	217960	1921	7	2815
USGS	11407000	00060	217960	1921	8	1859
USGS	11407000	00060	217960	1921	9	1654
USGS	11407000	00060	217960	1921	10	1614
USGS	11407000	00060	217960	1921	11	1631
USGS	11407000	00060	217960	1921	12	3098
USGS	11407000	00060	217960	1922	1	3003
USGS	11407000	00060	217960	1922	2	7032
USGS	11407000	00060	217960	1922	3	7285
USGS	11407000	00060	217960	1922	4	13900
USGS	11407000	00060	217960	1922	5	23900
USGS	11407000	00060	217960	1922	6	11090
USGS	11407000	00060	217960	1922	7	2693
USGS	11407000	00060	217960	1922	8	1733
USGS	11407000	00060	217960	1922	9	1561
USGS	11407000	00060	217960	1922	10	1650
USGS	11407000	00060	217960	1922	11	2384
USGS	11407000	00060	217960	1922	12	6231
USGS	11407000	00060	217960	1923	1	5045
USGS	11407000	00060	217960	1923	2	3627
USGS	11407000	00060	217960	1923	3	4932
USGS	11407000	00060	217960	1923	4	9475
USGS	11407000	00060	217960	1923	5	6274
USGS	11407000	00060	217960	1923	6	3051
USGS	11407000	00060	217960	1923	7	1886
USGS	11407000	00060	217960	1923	8	1707
USGS	11407000	00060	217960	1923	9	1587
USGS	11407000	00060	217960	1923	10	1710
USGS	11407000	00060	217960	1923	11	1622
USGS	11407000	00060	217960	1923	12	1508
USGS	11407000	00060	217960	1924	1	1637
USGS	11407000	00060	217960	1924	2	4474
USGS	11407000	00060	217960	1924	3	1564
USGS	11407000	00060	217960	1924	4	2146
USGS	11407000	00060	217960	1924	5	1246
USGS	11407000	00060	217960	1924	6	924.3
USGS	11407000	00060	217960	1924	7	851.9
USGS	11407000	00060	217960	1924	8	956.1
USGS	11407000	00060	217960	1924	9	992
USGS	11407000	00060	217960	1924	10	1511
USGS	11407000	00060	217960	1924	11	2113
USGS	11407000	00060	217960	1924	12	2214
USGS	11407000	00060	217960	1925	1	2405
USGS	11407000	00060	217960	1925	2	12400
USGS	11407000	00060	217960	1925	3	5087
USGS	11407000	00060	217960	1925	4	7706
USGS	11407000	00060	217960	1925	5	5580
USGS	11407000	00060	217960	1925	6	2730
USGS	11407000	00060	217960	1925	7	1774
USGS	11407000	00060	217960	1925	8	1673
USGS	11407000	00060	217960	1925	9	1713
USGS	11407000	00060	217960	1925	10	1687
USGS	11407000	00060	217960	1925	11	1938
USGS	11407000	00060	217960	1925	12	2148
USGS	11407000	00060	217960	1926	1	2383
USGS	11407000	00060	217960	1926	2	10120
USGS	11407000	00060	217960	1926	3	5567
USGS	11407000	00060	217960	1926	4	12770
USGS	11407000	00060	217960	1926	5	4175
USGS	11407000	00060	217960	1926	6	1934
USGS	11407000	00060	217960	1926	7	1843
USGS	11407000	00060	217960	1926	8	1815
USGS	11407000	00060	217960	1926	9	1861
USGS	11407000	00060	217960	1926	10	1718
USGS	11407000	00060	217960	1926	11	6800
USGS	11407000	00060	217960	1926	12	4307
USGS	11407000	00060	217960	1927	1	5276
USGS	11407000	00060	217960	1927	2	21250
USGS	11407000	00060	217960	1927	3	10930
USGS	11407000	00060	217960	1927	4	13850
USGS	11407000	00060	217960	1927	5	9729
USGS	11407000	00060	217960	1927	6	4634
USGS	11407000	00060	217960	1927	7	2108
USGS	11407000	00060	217960	1927	8	1859
USGS	11407000	00060	217960	1927	9	1789
USGS	11407000	00060	217960	1927	10	1814
USGS	11407000	00060	217960	1927	11	3782
USGS	11407000	00060	217960	1927	12	2545
USGS	11407000	00060	217960	1928	1	3196
USGS	11407000	00060	217960	1928	2	5761
USGS	11407000	00060	217960	1928	3	20830
USGS	11407000	00060	217960	1928	4	10200
USGS	11407000	00060	217960	1928	5	5032
USGS	11407000	00060	217960	1928	6	2121
USGS	11407000	00060	217960	1928	7	1976
USGS	11407000	00060	217960	1928	8	1667
USGS	11407000	00060	217960	1928	9	1418
USGS	11407000	00060	217960	1928	10	1535
USGS	11407000	00060	217960	1928	11	1677
USGS	11407000	00060	217960	1928	12	1869
USGS	11407000	00060	217960	1929	1	1974
USGS	11407000	00060	217960	1929	2	3498
USGS	11407000	00060	217960	1929	3	4587
USGS	11407000	00060	217960	1929	4	4364
USGS	11407000	00060	217960	1929	5	5078
USGS	11407000	00060	217960	1929	6	2510
USGS	11407000	00060	217960	1929	7	1924
USGS	11407000	00060	217960	1929	8	2183
USGS	11407000	00060	217960	1929	9	2135
USGS	11407000	00060	217960	1929	10	2132
USGS	11407000	00060	217960	1929	11	1719
USGS	11407000	00060	217960	1929	12	12700
USGS	11407000	00060	217960	1930	1	4658
USGS	11407000	00060	217960	1930	2	6406
USGS	11407000	00060	217960	1930	3	8806
USGS	11407000	00060	217960	1930	4	8870
USGS	11407000	00060	217960	1930	5	5601
USGS	11407000	00060	217960	1930	6	2599
USGS	11407000	00060	217960	1930	7	1887
USGS	11407000	00060	217960	1930	8	1893
USGS	11407000	00060	217960	1930	9	2185
USGS	11407000	00060	217960	1930	10	2341
USGS	11407000	00060	217960	1930	11	2471
USGS	11407000	00060	217960	1930	12	2215
USGS	11407000	00060	217960	1931	1	3019
USGS	11407000	00060	217960	1931	2	2531
USGS	11407000	00060	217960	1931	3	3508
USGS	11407000	00060	217960	1931	4	2168
USGS	11407000	00060	217960	1931	5	1684
USGS	11407000	00060	217960	1931	6	1265
USGS	11407000	00060	217960	1931	7	1225
USGS	11407000	00060	217960	1931	8	1180
USGS	11407000	00060	217960	1931	9	1125
USGS	11407000	00060	217960	1931	10	1225
USGS	11407000	00060	217960	1931	11	1400
USGS	11407000	00060	217960	1931	12	3816
USGS	11407000	00060	217960	1932	1	3299
USGS	11407000	00060	217960	1932	2	2953
USGS	11407000	00060	217960	1932	3	7627
USGS	11407000	00060	217960	1932	4	8492
USGS	11407000	00060	217960	1932	5	8785
USGS	11407000	00060	217960	1932	6	4033
USGS	11407000	00060	217960	1932	7	1988
USGS	11407000	00060	217960	1932	8	1651
USGS	11407000	00060	217960	1932	9	1056
USGS	11407000	00060	217960	1932	10	744.7
USGS	11407000	00060	217960	1932	11	853.3
USGS	11407000	00060	217960	1932	12	1343
USGS	11407000	00060	217960	1933	1	1939
USGS	11407000	00060	217960	1933	2	1714
USGS	11407000	00060	217960	1933	3	3397
USGS	11407000	00060	217960	1933	4	4571
USGS	11407000	00060	217960	1933	5	4980
USGS	11407000	00060	217960	1933	6	3443
USGS	11407000	00060	217960	1933	7	1585
USGS	11407000	00060	217960	1933	8	1401
USGS	11407000	00060	217960	1933	9	1173
USGS	11407000	00060	217960	1933	10	1563
USGS	11407000	00060	217960	1933	11	1613
USGS	11407000	00060	217960	1933	12	2653
USGS	11407000	00060	217960	1934	1	3782
USGS	11407000	00060	217960	1934	2	4671
USGS	11407000	00060	217960	1934	3	4763
USGS	11407000	00060	217960	1934	4	3476
USGS	11407000	00060	217960	1934	5	2257
USGS	11407000	00060	217960	1934	6	1618
USGS	11407000	00060	217960	1934	7	1535
USGS	11407000	00060	217960	1934	8	1445
USGS	11407000	00060	217960	1934	9	1352
USGS	11407000	00060	217960	1934	10	1405
USGS	11407000	00060	217960	1934	11	2077
USGS	11407000	00060	217960	1934	12	2010
USGS	11407000	00060	217960	1935	1	3951
USGS	11407000	00060	217960	1935	2	3628
USGS	11407000	00060	217960	1935	3	4905
USGS	11407000	00060	217960	1935	4	21470
USGS	11407000	00060	217960	1935	5	13150
USGS	11407000	00060	217960	1935	6	5794
USGS	11407000	00060	217960	1935	7	2067
USGS	11407000	00060	217960	1935	8	2085
USGS	11407000	00060	217960	1935	9	1648
USGS	11407000	00060	217960	1935	10	1718
USGS	11407000	00060	217960	1935	11	1544
USGS	11407000	00060	217960	1935	12	2230
USGS	11407000	00060	217960	1936	1	9601
USGS	11407000	00060	217960	1936	2	15200
USGS	11407000	00060	217960	1936	3	9557
USGS	11407000	00060	217960	1936	4	10160
USGS	11407000	00060	217960	1936	5	7168
USGS	11407000	00060	217960	1936	6	4210
USGS	11407000	00060	217960	1936	7	2242
USGS	11407000	00060	217960	1936	8	2157
USGS	11407000	00060	217960	1936	9	2111
USGS	11407000	00060	217960	1936	10	1737
USGS	11407000	00060	217960	1936	11	1353
USGS	11407000	00060	217960	1936	12	1286
USGS	11407000	00060	217960	1937	1	1376
USGS	11407000	00060	217960	1937	2	3874
USGS	11407000	00060	217960	1937	3	7099
USGS	11407000	00060	217960	1937	4	10470
USGS	11407000	00060	217960	1937	5	10270
USGS	11407000	00060	217960	1937	6	4082
USGS	11407000	00060	217960	1937	7	2138
USGS	11407000	00060	217960	1937	8	1575
USGS	11407000	00060	217960	1937	9	1560
USGS	11407000	00060	217960	1937	10	2038
USGS	11407000	00060	217960	1937	11	5212
USGS	11407000	00060	217960	1937	12	17600
USGS	11407000	00060	217960	1938	1	5242
USGS	11407000	00060	217960	1938	2	14930
USGS	11407000	00060	217960	1938	3	21660
USGS	11407000	00060	217960	1938	4	24440
USGS	11407000	00060	217960	1938	5	25150
USGS	11407000	00060	217960	1938	6	11510
USGS	11407000	00060	217960	1938	7	3334
USGS	11407000	00060	217960	1938	8	2371
USGS	11407000	00060	217960	1938	9	2304
USGS	11407000	00060	217960	1938	10	2097
USGS	11407000	00060	217960	1938	11	2376
USGS	11407000	00060	217960	1938	12	3015
USGS	11407000	00060	217960	1939	1	2415
USGS	11407000	00060	217960	1939	2	2514
USGS	11407000	00060	217960	1939	3	4339
USGS	11407000	00060	217960	1939	4	4542
USGS	11407000	00060	217960	1939	5	2081
USGS	11407000	00060	217960	1939	6	1465
USGS	11407000	00060	217960	1939	7	1460
USGS	11407000	00060	217960	1939	8	1602
USGS	11407000	00060	217960	1939	9	1484
USGS	11407000	00060	217960	1939	10	1410
USGS	11407000	00060	217960	1939	11	1169
USGS	11407000	00060	217960	1939	12	1722
USGS	11407000	00060	217960	1940	1	9473
USGS	11407000	00060	217960	1940	2	18910
USGS	11407000	00060	217960	1940	3	23160
USGS	11407000	00060	217960	1940	4	16160
USGS	11407000	00060	217960	1940	5	6830
USGS	11407000	00060	217960	1940	6	2995
USGS	11407000	00060	217960	1940	7	1913
USGS	11407000	00060	217960	1940	8	1813
USGS	11407000	00060	217960	1940	9	2179
USGS	11407000	00060	217960	1940	10	2378
USGS	11407000	00060	217960	1940	11	2475
USGS	11407000	00060	217960	1940	12	9781
USGS	11407000	00060	217960	1941	1	11480
USGS	11407000	00060	217960	1941	2	19010
USGS	11407000	00060	217960	1941	3	14790
USGS	11407000	00060	217960	1941	4	13610
USGS	11407000	00060	217960	1941	5	15650
USGS	11407000	00060	217960	1941	6	6226
USGS	11407000	00060	217960	1941	7	2754
USGS	11407000	00060	217960	1941	8	2045
USGS	11407000	00060	217960	1941	9	1877
USGS	11407000	00060	217960	1941	10	1893
USGS	11407000	00060	217960	1941	11	2349
USGS	11407000	00060	217960	1941	12	12070
USGS	11407000	00060	217960	1942	1	14020
USGS	11407000	00060	217960	1942	2	19430
USGS	11407000	00060	217960	1942	3	7991
USGS	11407000	00060	217960	1942	4	16630
USGS	11407000	00060	217960	1942	5	13850
USGS	11407000	00060	217960	1942	6	8750
USGS	11407000	00060	217960	1942	7	3169
USGS	11407000	00060	217960	1942	8	2209
USGS	11407000	00060	217960	1942	9	2287
USGS	11407000	00060	217960	1942	10	2317
USGS	11407000	00060	217960	1942	11	3472
USGS	11407000	00060	217960	1942	12	6202
USGS	11407000	00060	217960	1943	1	15280
USGS	11407000	00060	217960	1943	2	10290
USGS	11407000	00060	217960	1943	3	18590
USGS	11407000	00060	217960	1943	4	13960
USGS	11407000	00060	217960	1943	5	7178
USGS	11407000	00060	217960	1943	6	4739
USGS	11407000	00060	217960	1943	7	2236
USGS	11407000	00060	217960	1943	8	1976
USGS	11407000	00060	217960	1943	9	1650
USGS	11407000	00060	217960	1943	10	1747
USGS	11407000	00060	217960	1943	11	2026
USGS	11407000	00060	217960	1943	12	2002
USGS	11407000	00060	217960	1944	1	2188
USGS	11407000	00060	217960	1944	2	4046
USGS	11407000	00060	217960	1944	3	6467
USGS	11407000	00060	217960	1944	4	7521
USGS	11407000	00060	217960	1944	5	8226
USGS	11407000	00060	217960	1944	6	3182
USGS	11407000	00060	217960	1944	7	2237
USGS	11407000	00060	217960	1944	8	2083
USGS	11407000	00060	217960	1944	9	1651
USGS	11407000	00060	217960	1944	10	1593
USGS	11407000	00060	217960	1944	11	3175
USGS	11407000	00060	217960	1944	12	4387
USGS	11407000	00060	217960	1945	1	3357
USGS	11407000	00060	217960	1945	2	12820
USGS	11407000	00060	217960	1945	3	5637
USGS	11407000	00060	217960	1945	4	7679
USGS	11407000	00060	217960	1945	5	8289
USGS	11407000	00060	217960	1945	6	3909
USGS	11407000	00060	217960	1945	7	2297
USGS	11407000	00060	217960	1945	8	2085
USGS	11407000	00060	217960	1945	9	2040
USGS	11407000	00060	217960	1945	10	2188
USGS	11407000	00060	217960	1945	11	3482
USGS	11407000	00060	217960	1945	12	13580
USGS	11407000	00060	217960	1946	1	9294
USGS	11407000	00060	217960	1946	2	4806
USGS	11407000	00060	217960	1946	3	6450
USGS	11407000	00060	217960	1946	4	9400
USGS	11407000	00060	217960	1946	5	7188
USGS	11407000	00060	217960	1946	6	3062
USGS	11407000	00060	217960	1946	7	2376
USGS	11407000	00060	217960	1946	8	2287
USGS	11407000	00060	217960	1946	9	1914
USGS	11407000	00060	217960	1946	10	1588
USGS	11407000	00060	217960	1946	11	2743
USGS	11407000	00060	217960	1946	12	2609
USGS	11407000	00060	217960	1947	1	1350
USGS	11407000	00060	217960	1947	2	5364
USGS	11407000	00060	217960	1947	3	7140
USGS	11407000	00060	217960	1947	4	5745
USGS	11407000	00060	217960	1947	5	2885
USGS	11407000	00060	217960	1947	6	2414
USGS	11407000	00060	217960	1947	7	2208
USGS	11407000	00060	217960	1947	8	2152
USGS	11407000	00060	217960	1947	9	1693
USGS	11407000	00060	217960	1947	10	1967
USGS	11407000	00060	217960	1947	11	1903
USGS	11407000	00060	217960	1947	12	1750
USGS	11407000	00060	217960	1948	1	5751
USGS	11407000	00060	217960	1948	2	2717
USGS	11407000	00060	217960	1948	3	3809
USGS	11407000	00060	217960	1948	4	13750
USGS	11407000	00060	217960	1948	5	11140
USGS	11407000	00060	217960	1948	6	6908
USGS	11407000	00060	217960	1948	7	2442
USGS	11407000	00060	217960	1948	8	1840
USGS	11407000	00060	217960	1948	9	1768
USGS	11407000	00060	217960	1948	10	2274
USGS	11407000	00060	217960	1948	11	1992
USGS	11407000	00060	217960	1948	12	1885
USGS	11407000	00060	217960	1949	1	1910
USGS	11407000	00060	217960	1949	2	2749
USGS	11407000	00060	217960	1949	3	6845
USGS	11407000	00060	217960	1949	4	9435
USGS	11407000	00060	217960	1949	5	6526
USGS	11407000	00060	217960	1949	6	2502
USGS	11407000	00060	217960	1949	7	2100
USGS	11407000	00060	217960	1949	8	1944
USGS	11407000	00060	217960	1949	9	1169
USGS	11407000	00060	217960	1949	10	1049
USGS	11407000	00060	217960	1949	11	1140
USGS	11407000	00060	217960	1949	12	1102
USGS	11407000	00060	217960	1950	1	4764
USGS	11407000	00060	217960	1950	2	9637
USGS	11407000	00060	217960	1950	3	8457
USGS	11407000	00060	217960	1950	4	12290
USGS	11407000	00060	217960	1950	5	9533
USGS	11407000	00060	217960	1950	6	4138
USGS	11407000	00060	217960	1950	7	2083
USGS	11407000	00060	217960	1950	8	1812
USGS	11407000	00060	217960	1950	9	1905
USGS	11407000	00060	217960	1950	10	3062
USGS	11407000	00060	217960	1950	11	11940
USGS	11407000	00060	217960	1950	12	17290
USGS	11407000	00060	217960	1951	1	10890
USGS	11407000	00060	217960	1951	2	13880
USGS	11407000	00060	217960	1951	3	8314
USGS	11407000	00060	217960	1951	4	8197
USGS	11407000	00060	217960	1951	5	7366
USGS	11407000	00060	217960	1951	6	3018
USGS	11407000	00060	217960	1951	7	2235
USGS	11407000	00060	217960	1951	8	1944
USGS	11407000	00060	217960	1951	9	1884
USGS	11407000	00060	217960	1951	10	2384
USGS	11407000	00060	217960	1951	11	3293
USGS	11407000	00060	217960	1951	12	10080
USGS	11407000	00060	217960	1952	1	9188
USGS	11407000	00060	217960	1952	2	15820
USGS	11407000	00060	217960	1952	3	11850
USGS	11407000	00060	217960	1952	4	29050
USGS	11407000	00060	217960	1952	5	23450
USGS	11407000	00060	217960	1952	6	11080
USGS	11407000	00060	217960	1952	7	4431
USGS	11407000	00060	217960	1952	8	2858
USGS	11407000	00060	217960	1952	9	2625
USGS	11407000	00060	217960	1952	10	2570
USGS	11407000	00060	217960	1952	11	2577
USGS	11407000	00060	217960	1952	12	4671
USGS	11407000	00060	217960	1953	1	19240
USGS	11407000	00060	217960	1953	2	5918
USGS	11407000	00060	217960	1953	3	6565
USGS	11407000	00060	217960	1953	4	11140
USGS	11407000	00060	217960	1953	5	11260
USGS	11407000	00060	217960	1953	6	8695
USGS	11407000	00060	217960	1953	7	3527
USGS	11407000	00060	217960	1953	8	2744
USGS	11407000	00060	217960	1953	9	2693
USGS	11407000	00060	217960	1953	10	2703
USGS	11407000	00060	217960	1953	11	3595
USGS	11407000	00060	217960	1953	12	3176
USGS	11407000	00060	217960	1954	1	4371
USGS	11407000	00060	217960	1954	2	8122
USGS	11407000	00060	217960	1954	3	11350
USGS	11407000	00060	217960	1954	4	14760
USGS	11407000	00060	217960	1954	5	7425
USGS	11407000	00060	217960	1954	6	3961
USGS	11407000	00060	217960	1954	7	2921
USGS	11407000	00060	217960	1954	8	2730
USGS	11407000	00060	217960	1954	9	2701
USGS	11407000	00060	217960	1954	10	2781
USGS	11407000	00060	217960	1954	11	3551
USGS	11407000	00060	217960	1954	12	4083
USGS	11407000	00060	217960	1955	1	2347
USGS	11407000	00060	217960	1955	2	1999
USGS	11407000	00060	217960	1955	3	3291
USGS	11407000	00060	217960	1955	4	4585
USGS	11407000	00060	217960	1955	5	6924
USGS	11407000	00060	217960	1955	6	3014
USGS	11407000	00060	217960	1955	7	2019
USGS	11407000	00060	217960	1955	8	1829
USGS	11407000	00060	217960	1955	9	1546
USGS	11407000	00060	217960	1955	10	1564
USGS	11407000	00060	217960	1955	11	2026
USGS	11407000	00060	217960	1955	12	28410
USGS	11407000	00060	217960	1956	1	20030
USGS	11407000	00060	217960	1956	2	12430
USGS	11407000	00060	217960	1956	3	12410
USGS	11407000	00060	217960	1956	4	13120
USGS	11407000	00060	217960	1956	5	14290
USGS	11407000	00060	217960	1956	6	7156
USGS	11407000	00060	217960	1956	7	3221
USGS	11407000	00060	217960	1956	8	2887
USGS	11407000	00060	217960	1956	9	2832
USGS	11407000	00060	217960	1956	10	3151
USGS	11407000	00060	217960	1956	11	3230
USGS	11407000	00060	217960	1956	12	2200
USGS	11407000	00060	217960	1957	1	2621
USGS	11407000	00060	217960	1957	2	10460
USGS	11407000	00060	217960	1957	3	9760
USGS	11407000	00060	217960	1957	4	5880
USGS	11407000	00060	217960	1957	5	8574
USGS	11407000	00060	217960	1957	6	3888
USGS	11407000	00060	217960	1957	7	2225
USGS	11407000	00060	217960	1957	8	1973
USGS	11407000	00060	217960	1957	9	2379
USGS	11407000	00060	217960	1957	10	3280
USGS	11407000	00060	217960	1957	11	3683
USGS	11407000	00060	217960	1957	12	5705
USGS	11407000	00060	217960	1958	1	6197
USGS	11407000	00060	217960	1958	2	23890
USGS	11407000	00060	217960	1958	3	12890
USGS	11407000	00060	217960	1958	4	19340
USGS	11407000	00060	217960	1958	5	17190
USGS	11407000	00060	217960	1958	6	9387
USGS	11407000	00060	217960	1958	7	3706
USGS	11407000	00060	217960	1958	8	2689
USGS	11407000	00060	217960	1958	9	2559
USGS	11407000	00060	217960	1958	10	2336
USGS	11407000	00060	217960	1958	11	2834
USGS	11407000	00060	217960	1958	12	2829
USGS	11407000	00060	217960	1959	1	6000
USGS	11407000	00060	217960	1959	2	7496
USGS	11407000	00060	217960	1959	3	6518
USGS	11407000	00060	217960	1959	4	5909
USGS	11407000	00060	217960	1959	5	3899
USGS	11407000	00060	217960	1959	6	2298
USGS	11407000	00060	217960	1959	7	2439
USGS	11407000	00060	217960	1959	8	1913
USGS	11407000	00060	217960	1959	9	1428
USGS	11407000	00060	217960	1959	10	1831
USGS	11407000	00060	217960	1959	11	1666
USGS	11407000	00060	217960	1959	12	1598
USGS	11407000	00060	217960	1960	1	2253
USGS	11407000	00060	217960	1960	2	10330
USGS	11407000	00060	217960	1960	3	10610
USGS	11407000	00060	217960	1960	4	6923
USGS	11407000	00060	217960	1960	5	4449
USGS	11407000	00060	217960	1960	6	3270
USGS	11407000	00060	217960	1960	7	2601
USGS	11407000	00060	217960	1960	8	2271
USGS	11407000	00060	217960	1960	9	1622
USGS	11407000	00060	217960	1960	10	1467
USGS	11407000	00060	217960	1960	11	2469
USGS	11407000	00060	217960	1960	12	3363
USGS	11407000	00060	217960	1961	1	2122
USGS	11407000	00060	217960	1961	2	5657
USGS	11407000	00060	217960	1961	3	4650
USGS	11407000	00060	217960	1961	4	5008
USGS	11407000	00060	217960	1961	5	4702
USGS	11407000	00060	217960	1961	6	2892
USGS	11407000	00060	217960	1961	7	2587
USGS	11407000	00060	217960	1961	8	2492
USGS	11407000	00060	217960	1961	9	1302
USGS	11407000	00060	217960	1961	10	1100
USGS	11407000	00060	217960	1961	11	1369
USGS	11407000	00060	217960	1961	12	2553
USGS	11407000	00060	217960	1962	1	1742
USGS	11407000	00060	217960	1962	2	10820
USGS	11407000	00060	217960	1962	3	6079
USGS	11407000	00060	217960	1962	4	11430
USGS	11407000	00060	217960	1962	5	7272
USGS	11407000	00060	217960	1962	6	4656
USGS	11407000	00060	217960	1962	7	2965
USGS	11407000	00060	217960	1962	8	2696
USGS	11407000	00060	217960	1962	9	2001
USGS	11407000	00060	217960	1962	10	12370
USGS	11407000	00060	217960	1962	11	3959
USGS	11407000	00060	217960	1962	12	7867
USGS	11407000	00060	217960	1963	1	5585
USGS	11407000	00060	217960	1963	2	17320
USGS	11407000	00060	217960	1963	3	5430
USGS	11407000	00060	217960	1963	4	18720
USGS	11407000	00060	217960	1963	5	12070
USGS	11407000	00060	217960	1963	6	4414
USGS	11407000	00060	217960	1963	7	3127
USGS	11407000	00060	217960	1963	8	1994
USGS	11407000	00060	217960	1963	9	2016
USGS	11407000	00060	217960	1963	10	1879
USGS	11407000	00060	217960	1963	11	4458
USGS	11407000	00060	217960	1963	12	3524
USGS	11407000	00060	217960	1964	1	3752
USGS	11407000	00060	217960	1964	2	2673
USGS	11407000	00060	217960	1964	3	2973
USGS	11407000	00060	217960	1964	4	5133
USGS	11407000	00060	217960	1964	5	4743
USGS	11407000	00060	217960	1964	6	2872
USGS	11407000	00060	217960	1964	7	2630
USGS	11407000	00060	217960	1964	8	2349
USGS	11407000	00060	217960	1964	9	1860
USGS	11407000	00060	217960	1964	10	2794
USGS	11407000	00060	217960	1964	11	3065
USGS	11407000	00060	217960	1964	12	28340
USGS	11407000	00060	217960	1965	1	18120
USGS	11407000	00060	217960	1965	2	8935
USGS	11407000	00060	217960	1965	3	6972
USGS	11407000	00060	217960	1965	4	14070
USGS	11407000	00060	217960	1965	5	9517
USGS	11407000	00060	217960	1965	6	5355
USGS	11407000	00060	217960	1965	7	3443
USGS	11407000	00060	217960	1965	8	3099
USGS	11407000	00060	217960	1965	9	2858
USGS	11407000	00060	217960	1965	10	3367
USGS	11407000	00060	217960	1965	11	4453
USGS	11407000	00060	217960	1965	12	3603
USGS	11407000	00060	217960	1966	1	4517
USGS	11407000	00060	217960	1966	2	3272
USGS	11407000	00060	217960	1966	3	5481
USGS	11407000	00060	217960	1966	4	8802
USGS	11407000	00060	217960	1966	5	4937
USGS	11407000	00060	217960	1966	6	2322
USGS	11407000	00060	217960	1966	7	2716
USGS	11407000	00060	217960	1966	8	2235
USGS	11407000	00060	217960	1966	9	1409
USGS	11407000	00060	217960	1966	10	1070
USGS	11407000	00060	217960	1966	11	3621
USGS	11407000	00060	217960	1966	12	7710
USGS	11407000	00060	217960	1967	1	11980
USGS	11407000	00060	217960	1967	2	9625
USGS	11407000	00060	217960	1967	3	12630
USGS	11407000	00060	217960	1967	4	9498
USGS	11407000	00060	217960	1967	5	16740
USGS	11407000	00060	217960	1967	6	11330
USGS	11407000	00060	217960	1967	7	4783
USGS	11407000	00060	217960	1967	8	3265
USGS	11407000	00060	217960	1967	9	2883
USGS	11407000	00060	217960	1967	10	2750
USGS	11407000	00060	217960	1967	11	1579
USGS	11407000	00060	217960	1967	12	823.3
USGS	11407000	00060	217960	1968	1	406.5
USGS	11407000	00060	217960	1968	2	618.4
USGS	11407000	00060	217960	1968	3	485.9
USGS	11407000	00060	217960	1968	4	401.7
USGS	11407000	00060	217960	1968	5	404.9
USGS	11407000	00060	217960	1968	6	401.9
USGS	11407000	00060	217960	1968	7	409.3
USGS	11407000	00060	217960	1968	8	409.5
USGS	11407000	00060	217960	1968	9	411.6
USGS	11407000	00060	217960	1968	10	398.7
USGS	11407000	00060	217960	1968	11	413
USGS	11407000	00060	217960	1968	12	405
USGS	11407000	00060	217960	1969	1	7599
USGS	11407000	00060	217960	1969	2	3015
USGS	11407000	00060	217960	1969	3	737.1
USGS	11407000	00060	217960	1969	4	1466
USGS	11407000	00060	217960	1969	5	387.4
USGS	11407000	00060	217960	1969	6	407.9
USGS	11407000	00060	217960	1969	7	415.4
USGS	11407000	00060	217960	1969	8	398.4
USGS	11407000	00060	217960	1969	9	399
USGS	11407000	00060	217960	1969	10	412.6
USGS	11407000	00060	217960	1969	11	437.7
USGS	11407000	00060	217960	1969	12	898.5
USGS	11407000	00060	217960	1970	1	23240
USGS	11407000	00060	217960	1970	2	448.7
USGS	11407000	00060	217960	1970	3	426.1
USGS	11407000	00060	217960	1970	4	417.9
USGS	11407000	00060	217960	1970	5	410.6
USGS	11407000	00060	217960	1970	6	414.8
USGS	11407000	00060	217960	1970	7	426.4
USGS	11407000	00060	217960	1970	8	403.5
USGS	11407000	00060	217960	1970	9	401.5
USGS	11407000	00060	217960	1970	10	411.4
USGS	11407000	00060	217960	1970	11	411.9
USGS	11407000	00060	217960	1970	12	411.4
USGS	11407000	00060	217960	1971	1	406.7
USGS	11407000	00060	217960	1971	2	424.7
USGS	11407000	00060	217960	1971	3	1343
USGS	11407000	00060	217960	1971	4	407.6
USGS	11407000	00060	217960	1971	5	402.2
USGS	11407000	00060	217960	1971	6	410.6
USGS	11407000	00060	217960	1971	7	407.1
USGS	11407000	00060	217960	1971	8	408
USGS	11407000	00060	217960	1971	9	408.1
USGS	11407000	00060	217960	1971	10	405.3
USGS	11407000	00060	217960	1971	11	408.9
USGS	11407000	00060	217960	1971	12	413.8
USGS	11407000	00060	217960	1972	1	411.1
USGS	11407000	00060	217960	1972	2	435.3
USGS	11407000	00060	217960	1972	3	406.4
USGS	11407000	00060	217960	1972	4	478.1
USGS	11407000	00060	217960	1972	5	402.9
USGS	11407000	00060	217960	1972	6	408
USGS	11407000	00060	217960	1972	7	407.5
USGS	11407000	00060	217960	1972	8	408.4
USGS	11407000	00060	217960	1972	9	388.7
USGS	11407000	00060	217960	1972	10	420.6
USGS	11407000	00060	217960	1972	11	406
USGS	11407000	00060	217960	1972	12	400.3
USGS	11407000	00060	217960	1973	1	3566
USGS	11407000	00060	217960	1973	2	419
USGS	11407000	00060	217960	1973	3	405.8
USGS	11407000	00060	217960	1973	4	412.2
USGS	11407000	00060	217960	1973	5	408.8
USGS	11407000	00060	217960	1973	6	407.4
USGS	11407000	00060	217960	1973	7	410.9
USGS	11407000	00060	217960	1973	8	409.3
USGS	11407000	00060	217960	1973	9	414.1
USGS	11407000	00060	217960	1973	10	407.4
USGS	11407000	00060	217960	1973	11	2268
USGS	11407000	00060	217960	1973	12	411.1
USGS	11407000	00060	217960	1974	1	8178
USGS	11407000	00060	217960	1974	2	409.6
USGS	11407000	00060	217960	1974	3	2113
USGS	11407000	00060	217960	1974	4	6754
USGS	11407000	00060	217960	1974	5	416.2
USGS	11407000	00060	217960	1974	6	405.1
USGS	11407000	00060	217960	1974	7	412.6
USGS	11407000	00060	217960	1974	8	409.7
USGS	11407000	00060	217960	1974	9	410.2
USGS	11407000	00060	217960	1974	10	604.3
USGS	11407000	00060	217960	1974	11	845.4
USGS	11407000	00060	217960	1974	12	836.9
USGS	11407000	00060	217960	1975	1	856.1
USGS	11407000	00060	217960	1975	2	411.9
USGS	11407000	00060	217960	1975	3	409.9
USGS	11407000	00060	217960	1975	4	411.3
USGS	11407000	00060	217960	1975	5	416.2
USGS	11407000	00060	217960	1975	6	415.4
USGS	11407000	00060	217960	1975	7	407.6
USGS	11407000	00060	217960	1975	8	404.3
USGS	11407000	00060	217960	1975	9	413
USGS	11407000	00060	217960	1975	10	400.2
USGS	11407000	00060	217960	1975	11	402.5
USGS	11407000	00060	217960	1975	12	399.7
USGS	11407000	00060	217960	1976	1	401.4
USGS	11407000	00060	217960	1976	2	399.6
USGS	11407000	00060	217960	1976	3	406.4
USGS	11407000	00060	217960	1976	4	407.4
USGS	11407000	00060	217960	1976	5	407.9
USGS	11407000	00060	217960	1976	6	410.5
USGS	11407000	00060	217960	1976	7	404.3
USGS	11407000	00060	217960	1976	8	402.9
USGS	11407000	00060	217960	1976	9	403.2
USGS	11407000	00060	217960	1976	10	405.2
USGS	11407000	00060	217960	1976	11	402.6
USGS	11407000	00060	217960	1976	12	411.1
USGS	11407000	00060	217960	1977	1	406.5
USGS	11407000	00060	217960	1977	2	407.7
USGS	11407000	00060	217960	1977	3	406.4
USGS	11407000	00060	217960	1977	4	401.1
USGS	11407000	00060	217960	1977	5	398.8
USGS	11407000	00060	217960	1977	6	407.4
USGS	11407000	00060	217960	1977	7	404.8
USGS	11407000	00060	217960	1977	8	406.6
USGS	11407000	00060	217960	1977	9	399.7
USGS	11407000	00060	217960	1977	10	760.4
USGS	11407000	00060	217960	1977	11	556.3
USGS	11407000	00060	217960	1977	12	399.3
USGS	11407000	00060	217960	1978	1	403.8
USGS	11407000	00060	217960	1978	2	399.2
USGS	11407000	00060	217960	1978	3	404.4
USGS	11407000	00060	217960	1978	4	401.8
USGS	11407000	00060	217960	1978	5	407.4
USGS	11407000	00060	217960	1978	6	408
USGS	11407000	00060	217960	1978	7	410.6
USGS	11407000	00060	217960	1978	8	406.6
USGS	11407000	00060	217960	1978	9	402.1
USGS	11407000	00060	217960	1978	10	399.7
USGS	11407000	00060	217960	1978	11	396.6
USGS	11407000	00060	217960	1978	12	392.4
USGS	11407000	00060	217960	1979	1	402.3
USGS	11407000	00060	217960	1979	2	409.5
USGS	11407000	00060	217960	1979	3	414.8
USGS	11407000	00060	217960	1979	4	407.8
USGS	11407000	00060	217960	1979	5	413.5
USGS	11407000	00060	217960	1979	6	416.3
USGS	11407000	00060	217960	1979	7	410.5
USGS	11407000	00060	217960	1979	8	393.2
USGS	11407000	00060	217960	1979	9	404.7
USGS	11407000	00060	217960	1979	10	411.9
USGS	11407000	00060	217960	1979	11	409.7
USGS	11407000	00060	217960	1979	12	408.2
USGS	11407000	00060	217960	1980	1	11720
USGS	11407000	00060	217960	1980	2	6253
USGS	11407000	00060	217960	1980	3	408.5
USGS	11407000	00060	217960	1980	4	404.9
USGS	11407000	00060	217960	1980	5	400.2
USGS	11407000	00060	217960	1980	6	411.6
USGS	11407000	00060	217960	1980	7	411.6
USGS	11407000	00060	217960	1980	8	409.9
USGS	11407000	00060	217960	1980	9	404.3
USGS	11407000	00060	217960	1980	10	409.7
USGS	11407000	00060	217960	1980	11	402
USGS	11407000	00060	217960	1980	12	401.2
USGS	11407000	00060	217960	1981	1	402.9
USGS	11407000	00060	217960	1981	2	403.6
USGS	11407000	00060	217960	1981	3	407.1
USGS	11407000	00060	217960	1981	4	405
USGS	11407000	00060	217960	1981	5	413.4
USGS	11407000	00060	217960	1981	6	406
USGS	11407000	00060	217960	1981	7	403.6
USGS	11407000	00060	217960	1981	8	406.3
USGS	11407000	00060	217960	1981	9	408.7
USGS	11407000	00060	217960	1981	10	406.1
USGS	11407000	00060	217960	1981	11	3313
USGS	11407000	00060	217960	1981	12	6339
USGS	11407000	00060	217960	1982	1	1154
USGS	11407000	00060	217960	1982	2	4300
USGS	11407000	00060	217960	1982	3	414.4
USGS	11407000	00060	217960	1982	4	7064
USGS	11407000	00060	217960	1982	5	420.6
USGS	11407000	00060	217960	1982	6	410
USGS	11407000	00060	217960	1982	7	412.9
USGS	11407000	00060	217960	1982	8	408.2
USGS	11407000	00060	217960	1982	9	391.9
USGS	11407000	00060	217960	1982	10	408.5
USGS	11407000	00060	217960	1982	11	405
USGS	11407000	00060	217960	1982	12	1220
USGS	11407000	00060	217960	1983	1	2334
USGS	11407000	00060	217960	1983	2	4957
USGS	11407000	00060	217960	1983	3	15570
USGS	11407000	00060	217960	1983	4	417.5
USGS	11407000	00060	217960	1983	5	423.1
USGS	11407000	00060	217960	1983	6	417.6
USGS	11407000	00060	217960	1983	7	415.8
USGS	11407000	00060	217960	1983	8	415.7
USGS	11407000	00060	217960	1983	9	421.9
USGS	11407000	00060	217960	1983	10	444.2
USGS	11407000	00060	217960	1983	11	1009
USGS	11407000	00060	217960	1983	12	6953
USGS	11407000	00060	217960	1984	1	865.3
USGS	11407000	00060	217960	1984	2	410.5
USGS	11407000	00060	217960	1984	3	419.5
USGS	11407000	00060	217960	1984	4	413.2
USGS	11407000	00060	217960	1984	5	407.9
USGS	11407000	00060	217960	1984	6	416
USGS	11407000	00060	217960	1984	7	423.9
USGS	11407000	00060	217960	1984	8	398.3
USGS	11407000	00060	217960	1984	9	420.5
USGS	11407000	00060	217960	1984	10	411.8
USGS	11407000	00060	217960	1984	11	415.2
USGS	11407000	00060	217960	1984	12	415.8
USGS	11407000	00060	217960	1985	1	413.9
USGS	11407000	00060	217960	1985	2	416.6
USGS	11407000	00060	217960	1985	3	427.1
USGS	11407000	00060	217960	1985	4	419.9
USGS	11407000	00060	217960	1985	5	426.9
USGS	11407000	00060	217960	1985	6	414.5
USGS	11407000	00060	217960	1985	7	417.4
USGS	11407000	00060	217960	1985	8	416.5
USGS	11407000	00060	217960	1985	9	414.6
USGS	11407000	00060	217960	1985	10	415.9
USGS	11407000	00060	217960	1985	11	414.4
USGS	11407000	00060	217960	1985	12	419.5
USGS	11407000	00060	217960	1986	1	419.1
USGS	11407000	00060	217960	1986	2	25180
USGS	11407000	00060	217960	1986	3	8602
USGS	11407000	00060	217960	1986	4	417.1
USGS	11407000	00060	217960	1986	5	418
USGS	11407000	00060	217960	1986	6	412
USGS	11407000	00060	217960	1986	7	423.4
USGS	11407000	00060	217960	1986	8	423.7
USGS	11407000	00060	217960	1986	9	433.9
USGS	11407000	00060	217960	1986	10	429.4
USGS	11407000	00060	217960	1986	11	428.7
USGS	11407000	00060	217960	1986	12	432.6
USGS	11407000	00060	217960	1987	1	431
USGS	11407000	00060	217960	1987	2	434
USGS	11407000	00060	217960	1987	3	435.6
USGS	11407000	00060	217960	1987	4	432.2
USGS	11407000	00060	217960	1987	5	432.4
USGS	11407000	00060	217960	1987	6	498.2
USGS	11407000	00060	217960	1987	7	628.6
USGS	11407000	00060	217960	1987	8	486
USGS	11407000	00060	217960	1987	9	476.8
USGS	11407000	00060	217960	1987	10	456.5
USGS	11407000	00060	217960	1987	11	450.7
USGS	11407000	00060	217960	1987	12	508.7
USGS	11407000	00060	217960	1988	1	576.8
USGS	11407000	00060	217960	1988	2	581.8
USGS	11407000	00060	217960	1988	3	660.2
USGS	11407000	00060	217960	1988	4	640.5
USGS	11407000	00060	217960	1988	5	639
USGS	11407000	00060	217960	1988	6	636.9
USGS	11407000	00060	217960	1988	7	637.5
USGS	11407000	00060	217960	1988	8	634.9
USGS	11407000	00060	217960	1988	9	644.1
USGS	11407000	00060	217960	1988	10	648
USGS	11407000	00060	217960	1988	11	644.2
USGS	11407000	00060	217960	1988	12	639
USGS	11407000	00060	217960	1989	1	640.9
USGS	11407000	00060	217960	1989	2	642
USGS	11407000	00060	217960	1989	3	640.1
USGS	11407000	00060	217960	1989	4	641.7
USGS	11407000	00060	217960	1989	5	622
USGS	11407000	00060	217960	1989	6	997.8
USGS	11407000	00060	217960	1989	7	622
USGS	11407000	00060	217960	1989	8	618.4
USGS	11407000	00060	217960	1989	9	617.8
USGS	11407000	00060	217960	1989	10	622.8
USGS	11407000	00060	217960	1989	11	632.3
USGS	11407000	00060	217960	1989	12	636.1
USGS	11407000	00060	217960	1990	1	642.3
USGS	11407000	00060	217960	1990	2	643.7
USGS	11407000	00060	217960	1990	3	639.2
USGS	11407000	00060	217960	1990	4	646.7
USGS	11407000	00060	217960	1990	5	631.9
USGS	11407000	00060	217960	1990	6	626.8
USGS	11407000	00060	217960	1990	7	633
USGS	11407000	00060	217960	1990	8	625
USGS	11407000	00060	217960	1990	9	613.2
USGS	11407000	00060	217960	1990	10	616.8
USGS	11407000	00060	217960	1990	11	623.2
USGS	11407000	00060	217960	1990	12	623.6
USGS	11407000	00060	217960	1991	1	619.4
USGS	11407000	00060	217960	1991	2	623.2
USGS	11407000	00060	217960	1991	3	631.5
USGS	11407000	00060	217960	1991	4	624
USGS	11407000	00060	217960	1991	5	625.9
USGS	11407000	00060	217960	1991	6	624
USGS	11407000	00060	217960	1991	7	613.3
USGS	11407000	00060	217960	1991	8	626.6
USGS	11407000	00060	217960	1991	9	626.9
USGS	11407000	00060	217960	1991	10	629.7
USGS	11407000	00060	217960	1991	11	623.1
USGS	11407000	00060	217960	1991	12	624.3
USGS	11407000	00060	217960	1992	1	621.7
USGS	11407000	00060	217960	1992	2	626.3
USGS	11407000	00060	217960	1992	3	618.7
USGS	11407000	00060	217960	1992	4	618.6
USGS	11407000	00060	217960	1992	5	620.1
USGS	11407000	00060	217960	1992	6	630.9
USGS	11407000	00060	217960	1992	7	774.6
USGS	11407000	00060	217960	1992	8	602.7
USGS	11407000	00060	217960	1992	9	623.4
USGS	11407000	00060	217960	1992	10	616.7
USGS	11407000	00060	217960	1992	11	614.4
USGS	11407000	00060	217960	1992	12	617
USGS	11407000	00060	217960	1993	1	624.4
USGS	11407000	00060	217960	1993	2	624.6
USGS	11407000	00060	217960	1993	3	4509
USGS	11407000	00060	217960	1993	4	626.8
USGS	11407000	00060	217960	1993	5	613.7
USGS	11407000	00060	217960	1993	6	614.1
USGS	11407000	00060	217960	1993	7	614.5
USGS	11407000	00060	217960	1993	8	615.4
USGS	11407000	00060	217960	1993	9	613.2
USGS	11407000	00060	217960	1993	10	613.9
USGS	11407000	00060	217960	1993	11	620.1
USGS	11407000	00060	217960	1993	12	623.6
USGS	11407000	00060	217960	1994	1	617.6
USGS	11407000	00060	217960	1994	2	637.7
USGS	11407000	00060	217960	1994	3	627.5
USGS	11407000	00060	217960	1994	4	627.2
USGS	11407000	00060	217960	1994	5	637.8
USGS	11407000	00060	217960	1994	6	624
USGS	11407000	00060	217960	1994	7	619.7
USGS	11407000	00060	217960	1994	8	618.9
USGS	11407000	00060	217960	1994	9	626.6
USGS	11407000	00060	217960	1994	10	618
USGS	11407000	00060	217960	1994	11	622.5
USGS	11407000	00060	217960	1994	12	630.8
USGS	11407000	00060	217960	1995	1	657.4
USGS	11407000	00060	217960	1995	2	624.2
USGS	11407000	00060	217960	1995	3	18870
USGS	11407000	00060	217960	1995	4	2490
USGS	11407000	00060	217960	1995	5	7916
USGS	11407000	00060	217960	1995	6	652.5
USGS	11407000	00060	217960	1995	7	620.6
USGS	11407000	00060	217960	1995	8	617.9
USGS	11407000	00060	217960	1995	9	640.1
USGS	11407000	00060	217960	1995	10	1580
USGS	11407000	00060	217960	1995	11	1591
USGS	11407000	00060	217960	1995	12	1585
USGS	11407000	00060	217960	1996	1	1098
USGS	11407000	00060	217960	1996	2	7241
USGS	11407000	00060	217960	1996	3	617.2
USGS	11407000	00060	217960	1996	4	626.2
USGS	11407000	00060	217960	1996	5	1883
USGS	11407000	00060	217960	1996	6	619.6
USGS	11407000	00060	217960	1996	7	630.7
USGS	11407000	00060	217960	1996	8	638.6
USGS	11407000	00060	217960	1996	9	622.9
USGS	11407000	00060	217960	1996	10	1155
USGS	11407000	00060	217960	1996	11	1624
USGS	11407000	00060	217960	1996	12	7728
USGS	11407000	00060	217960	1997	1	26750
USGS	11407000	00060	217960	1997	2	5299
USGS	11407000	00060	217960	1997	3	634.5
USGS	11407000	00060	217960	1997	4	622.5
USGS	11407000	00060	217960	1997	5	626.3
USGS	11407000	00060	217960	1997	6	638.3
USGS	11407000	00060	217960	1997	7	627.1
USGS	11407000	00060	217960	1997	8	640.2
USGS	11407000	00060	217960	1997	9	628.4
USGS	11407000	00060	217960	1997	10	779.4
USGS	11407000	00060	217960	1997	11	936.7
USGS	11407000	00060	217960	1997	12	927.7
USGS	11407000	00060	217960	1998	1	955.5
USGS	11407000	00060	217960	1998	2	4367
USGS	11407000	00060	217960	1998	3	2450
USGS	11407000	00060	217960	1998	4	631.1
USGS	11407000	00060	217960	1998	5	624.3
USGS	11407000	00060	217960	1998	6	634.8
USGS	11407000	00060	217960	1998	7	625
USGS	11407000	00060	217960	1998	8	619.5
USGS	11407000	00060	217960	1998	9	630.3
USGS	11407000	00060	217960	1998	10	630.5
USGS	11407000	00060	217960	1998	11	636.7
USGS	11407000	00060	217960	1998	12	625.5
USGS	11407000	00060	217960	1999	1	622.5
USGS	11407000	00060	217960	1999	2	1938
USGS	11407000	00060	217960	1999	3	930.3
USGS	11407000	00060	217960	1999	4	620.4
USGS	11407000	00060	217960	1999	5	621.8
USGS	11407000	00060	217960	1999	6	617
USGS	11407000	00060	217960	1999	7	625.8
USGS	11407000	00060	217960	1999	8	627.7
USGS	11407000	00060	217960	1999	9	659.4
USGS	11407000	00060	217960	1999	10	640.5
USGS	11407000	00060	217960	1999	11	637.5
USGS	11407000	00060	217960	1999	12	619.5
USGS	11407000	00060	217960	2000	1	617.6
USGS	11407000	00060	217960	2000	2	638.8
USGS	11407000	00060	217960	2000	3	635.5
USGS	11407000	00060	217960	2000	4	614.7
USGS	11407000	00060	217960	2000	5	638.1
USGS	11407000	00060	217960	2000	6	624.4
USGS	11407000	00060	217960	2000	7	625.5
USGS	11407000	00060	217960	2000	8	623.1
USGS	11407000	00060	217960	2000	9	632.6
USGS	11407000	00060	217960	2000	10	630
USGS	11407000	00060	217960	2000	11	635.3
USGS	11407000	00060	217960	2000	12	627.9
USGS	11407000	00060	217960	2001	1	631
USGS	11407000	00060	217960	2001	2	634.3
USGS	11407000	00060	217960	2001	3	629.9
USGS	11407000	00060	217960	2001	4	631.9
USGS	11407000	00060	217960	2001	5	619.8
USGS	11407000	00060	217960	2001	6	625.3
USGS	11407000	00060	217960	2001	7	710.4
USGS	11407000	00060	217960	2001	8	671.6
USGS	11407000	00060	217960	2001	9	633.4
USGS	11407000	00060	217960	2001	10	628.4
USGS	11407000	00060	217960	2001	11	629.9
USGS	11407000	00060	217960	2001	12	623.3
USGS	11407000	00060	217960	2002	1	628.7
USGS	11407000	00060	217960	2002	2	619.1
USGS	11407000	00060	217960	2002	3	630
USGS	11407000	00060	217960	2002	4	626.5
USGS	11407000	00060	217960	2002	5	621.8
USGS	11407000	00060	217960	2002	6	637.7
USGS	11407000	00060	217960	2002	7	716.8
USGS	11407000	00060	217960	2002	8	798.9
USGS	11407000	00060	217960	2002	9	636.9
USGS	11407000	00060	217960	2002	10	636
USGS	11407000	00060	217960	2002	11	633.3
USGS	11407000	00060	217960	2002	12	630
USGS	11407000	00060	217960	2003	1	637.7
USGS	11407000	00060	217960	2003	2	633.7
USGS	11407000	00060	217960	2003	3	630.7
USGS	11407000	00060	217960	2003	4	630.1
USGS	11407000	00060	217960	2003	5	626.4
USGS	11407000	00060	217960	2003	6	626.7
USGS	11407000	00060	217960	2003	7	679.4
USGS	11407000	00060	217960	2003	8	711.9
USGS	11407000	00060	217960	2003	9	632.3
USGS	11407000	00060	217960	2003	10	627.1
USGS	11407000	00060	217960	2003	11	625.7
USGS	11407000	00060	217960	2003	12	631.6
USGS	11407000	00060	217960	2004	1	780.4
USGS	11407000	00060	217960	2004	2	890.2
USGS	11407000	00060	217960	2004	3	817.6
USGS	11407000	00060	217960	2004	4	638.4
USGS	11407000	00060	217960	2004	5	631.9
USGS	11407000	00060	217960	2004	6	668.1
USGS	11407000	00060	217960	2004	7	718.1
USGS	11407000	00060	217960	2004	8	706.2
USGS	11407000	00060	217960	2004	9	642.4
USGS	11407000	00060	217960	2004	10	634.9
USGS	11407000	00060	217960	2004	11	633.4
USGS	11407000	00060	217960	2004	12	629.1
USGS	11407000	00060	217960	2005	1	639.2
USGS	11407000	00060	217960	2005	2	632.9
USGS	11407000	00060	217960	2005	3	632.8
USGS	11407000	00060	217960	2005	4	634.4
USGS	11407000	00060	217960	2005	5	638.9
USGS	11407000	00060	217960	2005	6	649.4
USGS	11407000	00060	217960	2005	7	757
USGS	11407000	00060	217960	2005	8	660.3
USGS	11407000	00060	217960	2005	9	636.6
USGS	11407000	00060	217960	2005	10	652
USGS	11407000	00060	217960	2005	11	676.5
USGS	11407000	00060	217960	2005	12	6578
USGS	11407000	00060	217960	2006	1	7362
USGS	11407000	00060	217960	2006	2	1113
USGS	11407000	00060	217960	2006	3	5168
USGS	11407000	00060	217960	2006	4	5783
USGS	11407000	00060	217960	2006	5	718.2
USGS	11407000	00060	217960	2006	6	716.6
USGS	11407000	00060	217960	2006	7	702.4
USGS	11407000	00060	217960	2006	8	657.7
USGS	11407000	00060	217960	2006	9	689.4
USGS	11407000	00060	217960	2006	10	696.5
USGS	11407000	00060	217960	2006	11	708.5
USGS	11407000	00060	217960	2006	12	699.1
USGS	11407000	00060	217960	2007	1	692.9
USGS	11407000	00060	217960	2007	2	685.3
USGS	11407000	00060	217960	2007	3	676.3
USGS	11407000	00060	217960	2007	4	658.1
USGS	11407000	00060	217960	2007	5	694.3
USGS	11407000	00060	217960	2007	6	687.4
USGS	11407000	00060	217960	2007	7	779.3
USGS	11407000	00060	217960	2007	8	699.5
USGS	11407000	00060	217960	2007	9	646.8
USGS	11407000	00060	217960	2007	10	653.3
USGS	11407000	00060	217960	2007	11	652.3
USGS	11407000	00060	217960	2007	12	644.1
USGS	11407000	00060	217960	2008	1	650.5
USGS	11407000	00060	217960	2008	2	645.5
USGS	11407000	00060	217960	2008	3	657.5
USGS	11407000	00060	217960	2008	4	672.2
USGS	11407000	00060	217960	2008	5	671.1
USGS	11407000	00060	217960	2008	6	718.4
USGS	11407000	00060	217960	2008	7	708.3
USGS	11407000	00060	217960	2008	8	819.3
USGS	11407000	00060	217960	2008	9	767.6
USGS	11407000	00060	217960	2008	10	683.3
USGS	11407000	00060	217960	2008	11	637
USGS	11407000	00060	217960	2008	12	636.6
USGS	11407000	00060	217960	2009	1	633.4
USGS	11407000	00060	217960	2009	2	630
USGS	11407000	00060	217960	2009	3	637.7
USGS	11407000	00060	217960	2009	4	637.7
USGS	11407000	00060	217960	2009	5	647
USGS	11407000	00060	217960	2009	6	764.5
USGS	11407000	00060	217960	2009	7	736.2
USGS	11407000	00060	217960	2009	8	681.5
USGS	11407000	00060	217960	2009	9	670.3
USGS	11407000	00060	217960	2009	10	677.8
USGS	11407000	00060	217960	2009	11	829.9
USGS	11407000	00060	217960	2009	12	667.3
USGS	11407000	00060	217960	2010	1	686.2
USGS	11407000	00060	217960	2010	2	686
USGS	11407000	00060	217960	2010	3	677.8
USGS	11407000	00060	217960	2010	4	690.2
USGS	11407000	00060	217960	2010	5	707.2
USGS	11407000	00060	217960	2010	6	700.6
USGS	11407000	00060	217960	2010	7	693.7
USGS	11407000	00060	217960	2010	8	694.8
USGS	11407000	00060	217960	2010	9	703.7
USGS	11407000	00060	217960	2010	10	694.3
USGS	11407000	00060	217960	2010	11	684
USGS	11407000	00060	217960	2010	12	717.4
USGS	11407000	00060	217960	2011	1	733
USGS	11407000	00060	217960	2011	2	726.9
USGS	11407000	00060	217960	2011	3	6271
USGS	11407000	00060	217960	2011	4	1327
USGS	11407000	00060	217960	2011	5	706.6
USGS	11407000	00060	217960	2011	6	989.4
USGS	11407000	00060	217960	2011	7	709.8
USGS	11407000	00060	217960	2011	8	704.1
USGS	11407000	00060	217960	2011	9	714.8
USGS	11407000	00060	217960	2011	10	747.6
USGS	11407000	00060	217960	2011	11	746.3
USGS	11407000	00060	217960	2011	12	741.2
USGS	11407000	00060	217960	2012	1	729.6
USGS	11407000	00060	217960	2012	2	681.3
USGS	11407000	00060	217960	2012	3	682.8
USGS	11407000	00060	217960	2012	4	689
USGS	11407000	00060	217960	2012	5	686.9
USGS	11407000	00060	217960	2012	6	2137
USGS	11407000	00060	217960	2012	7	1249
USGS	11407000	00060	217960	2012	8	1031
USGS	11407000	00060	217960	2012	9	688.8
USGS	11407000	00060	217960	2012	10	668.8
USGS	11407000	00060	217960	2012	11	1176
USGS	11407000	00060	217960	2012	12	2078
USGS	11407000	00060	217960	2013	1	1849
USGS	11407000	00060	217960	2013	2	1586
USGS	11407000	00060	217960	2013	3	1847
USGS	11407000	00060	217960	2013	4	1484
USGS	11407000	00060	217960	2013	5	1082
USGS	11407000	00060	217960	2013	6	1343
USGS	11407000	00060	217960	2013	7	2552
USGS	11407000	00060	217960	2013	8	2215
USGS	11407000	00060	217960	2013	9	1022
USGS	11407000	00060	217960	2013	10	1083
USGS	11407000	00060	217960	2013	11	1052
USGS	11407000	00060	217960	2013	12	1035
USGS	11407000	00060	217960	2014	1	1016
USGS	11407000	00060	217960	2014	2	926.6
USGS	11407000	00060	217960	2014	3	833.6
USGS	11407000	00060	217960	2014	4	830.9
USGS	11407000	00060	217960	2014	5	958.6
USGS	11407000	00060	217960	2014	6	1186
USGS	11407000	00060	217960	2014	7	1571
USGS	11407000	00060	217960	2014	8	1430
USGS	11407000	00060	217960	2014	9	970.9
USGS	11407000	00060	217960	2014	10	960.6
USGS	11407000	00060	217960	2014	11	951.8
USGS	11407000	00060	217960	2014	12	955.8
USGS	11407000	00060	217960	2015	1	953.8
USGS	11407000	00060	217960	2015	2	972.2
USGS	11407000	00060	217960	2015	3	825.4
USGS	11407000	00060	217960	2015	4	1037
USGS	11407000	00060	217960	2015	5	1578
USGS	11407000	00060	217960	2015	6	1741
USGS	11407000	00060	217960	2015	7	2180
USGS	11407000	00060	217960	2015	8	1356
USGS	11407000	00060	217960	2015	9	841.4
USGS	11407000	00060	217960	2015	10	822.4
USGS	11407000	00060	217960	2015	11	835.4
USGS	11407000	00060	217960	2015	12	825
USGS	11407000	00060	217960	2016	1	822.2
USGS	11407000	00060	217960	2016	2	830.8
USGS	11407000	00060	217960	2016	3	990.9
USGS	11407000	00060	217960	2016	4	1025
USGS	11407000	00060	217960	2016	5	1599
USGS	11407000	00060	217960	2016	6	2639
USGS	11407000	00060	217960	2016	7	4115
USGS	11407000	00060	217960	2016	8	2563
USGS	11407000	00060	217960	2016	9	835.8
USGS	11407000	00060	217960	2016	10	844.7
USGS	11407000	00060	217960	2016	11	858
USGS	11407000	00060	217960	2016	12	849.7
USGS	11407000	00060	217960	2017	1	4715
USGS	11407000	00060	217960	2017	2	49450
USGS	11407000	00060	217960	2017	3	15520
USGS	11407000	00060	217960	2017	4	20110
USGS	11407000	00060	217960	2017	5	10690
USGS	11407000	00060	217960	2017	6	3948
USGS	11407000	00060	217960	2017	7	1514
USGS	11407000	00060	217960	2017	8	1319
USGS	11407000	00060	217960	2017	9	884.5
USGS	11407000	00060	217960	2017	10	883.2
USGS	11407000	00060	217960	2017	11	1003
USGS	11407000	00060	217960	2017	12	1074
USGS	11407000	00060	217960	2018	1	1045
USGS	11407000	00060	217960	2018	2	1066
USGS	11407000	00060	217960	2018	3	860.4
USGS	11407000	00060	217960	2018	4	2207
USGS	11407000	00060	217960	2018	5	881.6
USGS	11407000	00060	217960	2018	6	1312
USGS	11407000	00060	217960	2018	7	1481
USGS	11407000	00060	217960	2018	8	1251
USGS	11407000	00060	217960	2018	9	881.1
USGS	11407000	00060	217960	2018	10	872
USGS	11407000	00060	217960	2018	11	888.1
USGS	11407000	00060	217960	2018	12	982.9
USGS	11407000	00060	217960	2019	1	926.4
USGS	11407000	00060	217960	2019	2	960.7
USGS	11407000	00060	217960	2019	3	1885
USGS	11407000	00060	217960	2019	4	5479
USGS	11407000	00060	217960	2019	5	3652
USGS	11407000	00060	217960	2019	6	2600
USGS	11407000	00060	217960	2019	7	2135
USGS	11407000	00060	217960	2019	8	3748
USGS	11407000	00060	217960	2019	9	1014
USGS	11407000	00060	217960	2019	10	784.1
USGS	11407000	00060	217960	2019	11	760.7
USGS	11407000	00060	217960	2019	12	744.3
USGS	11407000	00060	217960	2020	1	765.3
USGS	11407000	00060	217960	2020	2	769.6
USGS	11407000	00060	217960	2020	3	772.8
USGS	11407000	00060	217960	2020	4	1082
USGS	11407000	00060	217960	2020	5	736.5
USGS	11407000	00060	217960	2020	6	947.8
USGS	11407000	00060	217960	2020	7	990.6
USGS	11407000	00060	217960	2020	8	1294
USGS	11407000	00060	217960	2020	9	830.8
USGS	11407000	00060	217960	2020	10	808.5
USGS	11407000	00060	217960	2020	11	814.2
USGS	11407000	00060	217960	2020	12	818.4
USGS	11407000	00060	217960	2021	1	838.2
USGS	11407000	00060	217960	2021	2	843.7
USGS	11407000	00060	217960	2021	3	841.8
USGS	11407000	00060	217960	2021	4	821.8
USGS	11407000	00060	217960	2021	5	722.4
USGS	11407000	00060	217960	2021	6	1902
USGS	11407000	00060	217960	2021	7	2036
USGS	11407000	00060	217960	2021	8	700.8
USGS	11407000	00060	217960	2021	9	671.7

